(kicad_pcb (version 20171130) (host pcbnew "(5.1.2-1)-1")

  (general
    (thickness 1.6)
    (drawings 27)
    (tracks 271)
    (zones 0)
    (modules 33)
    (nets 26)
  )

  (page A4)
  (layers
    (0 F.Cu signal)
    (31 B.Cu signal hide)
    (32 B.Adhes user hide)
    (33 F.Adhes user hide)
    (34 B.Paste user hide)
    (35 F.Paste user hide)
    (36 B.SilkS user hide)
    (37 F.SilkS user)
    (38 B.Mask user hide)
    (39 F.Mask user)
    (40 Dwgs.User user hide)
    (41 Cmts.User user hide)
    (42 Eco1.User user hide)
    (43 Eco2.User user hide)
    (44 Edge.Cuts user)
    (45 Margin user hide)
    (46 B.CrtYd user hide)
    (47 F.CrtYd user)
    (48 B.Fab user hide)
    (49 F.Fab user hide)
  )

  (setup
    (last_trace_width 0.25)
    (trace_clearance 0.2)
    (zone_clearance 0.508)
    (zone_45_only no)
    (trace_min 0.127)
    (via_size 0.8)
    (via_drill 0.4)
    (via_min_size 0.45)
    (via_min_drill 0.3)
    (uvia_size 0.3)
    (uvia_drill 0.1)
    (uvias_allowed no)
    (uvia_min_size 0.2)
    (uvia_min_drill 0.1)
    (edge_width 0.05)
    (segment_width 0.2)
    (pcb_text_width 0.3)
    (pcb_text_size 1.5 1.5)
    (mod_edge_width 0.12)
    (mod_text_size 1 1)
    (mod_text_width 0.15)
    (pad_size 1 1)
    (pad_drill 0)
    (pad_to_mask_clearance 0.051)
    (solder_mask_min_width 0.25)
    (aux_axis_origin 0 0)
    (visible_elements FFFFFF7F)
    (pcbplotparams
      (layerselection 0x010fc_ffffffff)
      (usegerberextensions false)
      (usegerberattributes false)
      (usegerberadvancedattributes false)
      (creategerberjobfile false)
      (excludeedgelayer true)
      (linewidth 0.100000)
      (plotframeref false)
      (viasonmask false)
      (mode 1)
      (useauxorigin false)
      (hpglpennumber 1)
      (hpglpenspeed 20)
      (hpglpendiameter 15.000000)
      (psnegative false)
      (psa4output false)
      (plotreference true)
      (plotvalue true)
      (plotinvisibletext false)
      (padsonsilk false)
      (subtractmaskfromsilk true)
      (outputformat 1)
      (mirror false)
      (drillshape 0)
      (scaleselection 1)
      (outputdirectory "version1_gerbers/"))
  )

  (net 0 "")
  (net 1 VCC)
  (net 2 GND)
  (net 3 VEE)
  (net 4 "Net-(R1-Pad2)")
  (net 5 "Net-(R2-Pad2)")
  (net 6 "Net-(R3-Pad2)")
  (net 7 "Net-(R4-Pad2)")
  (net 8 "Net-(R5-Pad2)")
  (net 9 "Net-(R6-Pad2)")
  (net 10 "Net-(R7-Pad2)")
  (net 11 "Net-(R8-Pad2)")
  (net 12 /A1Out)
  (net 13 /A2Out)
  (net 14 /A3Out)
  (net 15 /A4Out)
  (net 16 /B1Out)
  (net 17 /B2Out)
  (net 18 /B3Out)
  (net 19 /B4Out)
  (net 20 /AIn)
  (net 21 /BIn)
  (net 22 "Net-(D3-Pad2)")
  (net 23 +12V)
  (net 24 -12V)
  (net 25 "Net-(D4-Pad2)")

  (net_class Default "This is the default net class."
    (clearance 0.2)
    (trace_width 0.25)
    (via_dia 0.8)
    (via_drill 0.4)
    (uvia_dia 0.3)
    (uvia_drill 0.1)
    (add_net "Net-(D3-Pad2)")
    (add_net "Net-(D4-Pad2)")
    (add_net "Net-(J10-PadTN)")
    (add_net "Net-(J11-PadTN)")
    (add_net "Net-(J2-PadTN)")
    (add_net "Net-(J3-PadTN)")
    (add_net "Net-(J4-PadTN)")
    (add_net "Net-(J5-PadTN)")
    (add_net "Net-(J6-PadTN)")
    (add_net "Net-(J7-PadTN)")
    (add_net "Net-(J8-PadTN)")
    (add_net "Net-(J9-PadTN)")
  )

  (net_class PWR ""
    (clearance 0.127)
    (trace_width 0.254)
    (via_dia 0.54)
    (via_drill 0.3)
    (uvia_dia 0.3)
    (uvia_drill 0.1)
    (diff_pair_width 0.254)
    (diff_pair_gap 0.25)
    (add_net +12V)
    (add_net -12V)
    (add_net GND)
    (add_net VCC)
    (add_net VEE)
  )

  (net_class SIGNAL ""
    (clearance 0.127)
    (trace_width 0.127)
    (via_dia 0.45)
    (via_drill 0.3)
    (uvia_dia 0.3)
    (uvia_drill 0.1)
    (diff_pair_width 0.127)
    (diff_pair_gap 0.127)
    (add_net /A1Out)
    (add_net /A2Out)
    (add_net /A3Out)
    (add_net /A4Out)
    (add_net /AIn)
    (add_net /B1Out)
    (add_net /B2Out)
    (add_net /B3Out)
    (add_net /B4Out)
    (add_net /BIn)
    (add_net "Net-(R1-Pad2)")
    (add_net "Net-(R2-Pad2)")
    (add_net "Net-(R3-Pad2)")
    (add_net "Net-(R4-Pad2)")
    (add_net "Net-(R5-Pad2)")
    (add_net "Net-(R6-Pad2)")
    (add_net "Net-(R7-Pad2)")
    (add_net "Net-(R8-Pad2)")
  )

  (module Connector_Audio:Jack_3.5mm_QingPu_WQP-PJ398SM_Vertical_CircularHoles (layer B.Cu) (tedit 5C2B6BB2) (tstamp 5F2E069A)
    (at 154.62504 116.31168 270)
    (descr "TRS 3.5mm, vertical, Thonkiconn, PCB mount, (http://www.qingpu-electronics.com/en/products/WQP-PJ398SM-362.html)")
    (tags "WQP-PJ398SM WQP-PJ301M-12 TRS 3.5mm mono vertical jack thonkiconn qingpu")
    (path /5F33750B)
    (fp_text reference J10 (at -4.03 -1.08 90) (layer B.SilkS)
      (effects (font (size 1 1) (thickness 0.15)) (justify mirror))
    )
    (fp_text value B3Out (at 0 -5 90) (layer B.Fab)
      (effects (font (size 1 1) (thickness 0.15)) (justify mirror))
    )
    (fp_text user KEEPOUT (at 0 -6.48 270) (layer Cmts.User)
      (effects (font (size 0.4 0.4) (thickness 0.051)))
    )
    (fp_line (start -5 -12.98) (end -5 1.42) (layer B.CrtYd) (width 0.05))
    (fp_line (start -4.5 -12.48) (end -4.5 -2.08) (layer B.Fab) (width 0.1))
    (fp_text user %R (at 0 -8 90) (layer B.Fab)
      (effects (font (size 1 1) (thickness 0.15)) (justify mirror))
    )
    (fp_line (start -4.5 -1.98) (end -4.5 -12.48) (layer B.SilkS) (width 0.12))
    (fp_line (start 4.5 -1.98) (end 4.5 -12.48) (layer B.SilkS) (width 0.12))
    (fp_circle (center 0 -6.48) (end 1.5 -6.48) (layer Dwgs.User) (width 0.12))
    (fp_line (start 0.09 -7.96) (end 1.48 -6.57) (layer Dwgs.User) (width 0.12))
    (fp_line (start -0.58 -7.83) (end 1.36 -5.89) (layer Dwgs.User) (width 0.12))
    (fp_line (start -1.07 -7.49) (end 1.01 -5.41) (layer Dwgs.User) (width 0.12))
    (fp_line (start -1.42 -6.875) (end 0.4 -5.06) (layer Dwgs.User) (width 0.12))
    (fp_line (start -1.41 -6.02) (end -0.46 -5.07) (layer Dwgs.User) (width 0.12))
    (fp_line (start 4.5 -12.48) (end 0.5 -12.48) (layer B.SilkS) (width 0.12))
    (fp_line (start -0.5 -12.48) (end -4.5 -12.48) (layer B.SilkS) (width 0.12))
    (fp_line (start 4.5 -1.98) (end 0.35 -1.98) (layer B.SilkS) (width 0.12))
    (fp_line (start -0.35 -1.98) (end -4.5 -1.98) (layer B.SilkS) (width 0.12))
    (fp_circle (center 0 -6.48) (end 1.8 -6.48) (layer B.SilkS) (width 0.12))
    (fp_line (start -1.06 1) (end -1.06 0.2) (layer B.SilkS) (width 0.12))
    (fp_line (start -1.06 1) (end -0.2 1) (layer B.SilkS) (width 0.12))
    (fp_line (start 4.5 -12.48) (end 4.5 -2.08) (layer B.Fab) (width 0.1))
    (fp_line (start 4.5 -12.48) (end -4.5 -12.48) (layer B.Fab) (width 0.1))
    (fp_line (start 5 -12.98) (end 5 1.42) (layer B.CrtYd) (width 0.05))
    (fp_line (start 5 -12.98) (end -5 -12.98) (layer B.CrtYd) (width 0.05))
    (fp_line (start 5 1.42) (end -5 1.42) (layer B.CrtYd) (width 0.05))
    (fp_line (start 4.5 -2.03) (end -4.5 -2.03) (layer B.Fab) (width 0.1))
    (fp_circle (center 0 -6.48) (end 1.8 -6.48) (layer B.Fab) (width 0.1))
    (fp_line (start 0 0) (end 0 -2.03) (layer B.Fab) (width 0.1))
    (pad TN thru_hole circle (at 0 -3.1 90) (size 2.13 2.13) (drill 1.42) (layers *.Cu *.Mask)
      (net 2 GND))
    (pad S thru_hole rect (at 0 0 90) (size 1.93 1.83) (drill 1.22) (layers *.Cu *.Mask)
      (net 2 GND))
    (pad T thru_hole circle (at 0 -11.4 90) (size 2.13 2.13) (drill 1.43) (layers *.Cu *.Mask)
      (net 18 /B3Out))
    (model ${KISYS3DMOD}/Connector_Audio.3dshapes/Jack_3.5mm_QingPu_WQP-PJ398SM_Vertical.wrl
      (at (xyz 0 0 0))
      (scale (xyz 1 1 1))
      (rotate (xyz 0 0 0))
    )
  )

  (module Connector_Audio:Jack_3.5mm_QingPu_WQP-PJ398SM_Vertical_CircularHoles (layer B.Cu) (tedit 5C2B6BB2) (tstamp 5F2E0656)
    (at 154.57932 96.22536 270)
    (descr "TRS 3.5mm, vertical, Thonkiconn, PCB mount, (http://www.qingpu-electronics.com/en/products/WQP-PJ398SM-362.html)")
    (tags "WQP-PJ398SM WQP-PJ301M-12 TRS 3.5mm mono vertical jack thonkiconn qingpu")
    (path /5F31FF1E)
    (fp_text reference J8 (at -4.03 -1.08 90) (layer B.SilkS)
      (effects (font (size 1 1) (thickness 0.15)) (justify mirror))
    )
    (fp_text value B1Out (at 0 -5 90) (layer B.Fab)
      (effects (font (size 1 1) (thickness 0.15)) (justify mirror))
    )
    (fp_line (start 0 0) (end 0 -2.03) (layer B.Fab) (width 0.1))
    (fp_circle (center 0 -6.48) (end 1.8 -6.48) (layer B.Fab) (width 0.1))
    (fp_line (start 4.5 -2.03) (end -4.5 -2.03) (layer B.Fab) (width 0.1))
    (fp_line (start 5 1.42) (end -5 1.42) (layer B.CrtYd) (width 0.05))
    (fp_line (start 5 -12.98) (end -5 -12.98) (layer B.CrtYd) (width 0.05))
    (fp_line (start 5 -12.98) (end 5 1.42) (layer B.CrtYd) (width 0.05))
    (fp_line (start 4.5 -12.48) (end -4.5 -12.48) (layer B.Fab) (width 0.1))
    (fp_line (start 4.5 -12.48) (end 4.5 -2.08) (layer B.Fab) (width 0.1))
    (fp_line (start -1.06 1) (end -0.2 1) (layer B.SilkS) (width 0.12))
    (fp_line (start -1.06 1) (end -1.06 0.2) (layer B.SilkS) (width 0.12))
    (fp_circle (center 0 -6.48) (end 1.8 -6.48) (layer B.SilkS) (width 0.12))
    (fp_line (start -0.35 -1.98) (end -4.5 -1.98) (layer B.SilkS) (width 0.12))
    (fp_line (start 4.5 -1.98) (end 0.35 -1.98) (layer B.SilkS) (width 0.12))
    (fp_line (start -0.5 -12.48) (end -4.5 -12.48) (layer B.SilkS) (width 0.12))
    (fp_line (start 4.5 -12.48) (end 0.5 -12.48) (layer B.SilkS) (width 0.12))
    (fp_line (start -1.41 -6.02) (end -0.46 -5.07) (layer Dwgs.User) (width 0.12))
    (fp_line (start -1.42 -6.875) (end 0.4 -5.06) (layer Dwgs.User) (width 0.12))
    (fp_line (start -1.07 -7.49) (end 1.01 -5.41) (layer Dwgs.User) (width 0.12))
    (fp_line (start -0.58 -7.83) (end 1.36 -5.89) (layer Dwgs.User) (width 0.12))
    (fp_line (start 0.09 -7.96) (end 1.48 -6.57) (layer Dwgs.User) (width 0.12))
    (fp_circle (center 0 -6.48) (end 1.5 -6.48) (layer Dwgs.User) (width 0.12))
    (fp_line (start 4.5 -1.98) (end 4.5 -12.48) (layer B.SilkS) (width 0.12))
    (fp_line (start -4.5 -1.98) (end -4.5 -12.48) (layer B.SilkS) (width 0.12))
    (fp_text user %R (at 0 -8 90) (layer B.Fab)
      (effects (font (size 1 1) (thickness 0.15)) (justify mirror))
    )
    (fp_line (start -4.5 -12.48) (end -4.5 -2.08) (layer B.Fab) (width 0.1))
    (fp_line (start -5 -12.98) (end -5 1.42) (layer B.CrtYd) (width 0.05))
    (fp_text user KEEPOUT (at 0 -6.48 270) (layer Cmts.User)
      (effects (font (size 0.4 0.4) (thickness 0.051)))
    )
    (pad T thru_hole circle (at 0 -11.4 90) (size 2.13 2.13) (drill 1.43) (layers *.Cu *.Mask)
      (net 16 /B1Out))
    (pad S thru_hole rect (at 0 0 90) (size 1.93 1.83) (drill 1.22) (layers *.Cu *.Mask)
      (net 2 GND))
    (pad TN thru_hole circle (at 0 -3.1 90) (size 2.13 2.13) (drill 1.42) (layers *.Cu *.Mask)
      (net 2 GND))
    (model ${KISYS3DMOD}/Connector_Audio.3dshapes/Jack_3.5mm_QingPu_WQP-PJ398SM_Vertical.wrl
      (at (xyz 0 0 0))
      (scale (xyz 1 1 1))
      (rotate (xyz 0 0 0))
    )
  )

  (module Connector_Audio:Jack_3.5mm_QingPu_WQP-PJ398SM_Vertical_CircularHoles (layer B.Cu) (tedit 5C2B6BB2) (tstamp 5F5F2AFD)
    (at 154.52852 56.8706 270)
    (descr "TRS 3.5mm, vertical, Thonkiconn, PCB mount, (http://www.qingpu-electronics.com/en/products/WQP-PJ398SM-362.html)")
    (tags "WQP-PJ398SM WQP-PJ301M-12 TRS 3.5mm mono vertical jack thonkiconn qingpu")
    (path /5F2FE4C3)
    (fp_text reference J3 (at -4.03 -1.08 90) (layer B.SilkS)
      (effects (font (size 1 1) (thickness 0.15)) (justify mirror))
    )
    (fp_text value A1Out (at 0 -5 90) (layer B.Fab)
      (effects (font (size 1 1) (thickness 0.15)) (justify mirror))
    )
    (fp_line (start 0 0) (end 0 -2.03) (layer B.Fab) (width 0.1))
    (fp_circle (center 0 -6.48) (end 1.8 -6.48) (layer B.Fab) (width 0.1))
    (fp_line (start 4.5 -2.03) (end -4.5 -2.03) (layer B.Fab) (width 0.1))
    (fp_line (start 5 1.42) (end -5 1.42) (layer B.CrtYd) (width 0.05))
    (fp_line (start 5 -12.98) (end -5 -12.98) (layer B.CrtYd) (width 0.05))
    (fp_line (start 5 -12.98) (end 5 1.42) (layer B.CrtYd) (width 0.05))
    (fp_line (start 4.5 -12.48) (end -4.5 -12.48) (layer B.Fab) (width 0.1))
    (fp_line (start 4.5 -12.48) (end 4.5 -2.08) (layer B.Fab) (width 0.1))
    (fp_line (start -1.06 1) (end -0.2 1) (layer B.SilkS) (width 0.12))
    (fp_line (start -1.06 1) (end -1.06 0.2) (layer B.SilkS) (width 0.12))
    (fp_circle (center 0 -6.48) (end 1.8 -6.48) (layer B.SilkS) (width 0.12))
    (fp_line (start -0.35 -1.98) (end -4.5 -1.98) (layer B.SilkS) (width 0.12))
    (fp_line (start 4.5 -1.98) (end 0.35 -1.98) (layer B.SilkS) (width 0.12))
    (fp_line (start -0.5 -12.48) (end -4.5 -12.48) (layer B.SilkS) (width 0.12))
    (fp_line (start 4.5 -12.48) (end 0.5 -12.48) (layer B.SilkS) (width 0.12))
    (fp_line (start -1.41 -6.02) (end -0.46 -5.07) (layer Dwgs.User) (width 0.12))
    (fp_line (start -1.42 -6.875) (end 0.4 -5.06) (layer Dwgs.User) (width 0.12))
    (fp_line (start -1.07 -7.49) (end 1.01 -5.41) (layer Dwgs.User) (width 0.12))
    (fp_line (start -0.58 -7.83) (end 1.36 -5.89) (layer Dwgs.User) (width 0.12))
    (fp_line (start 0.09 -7.96) (end 1.48 -6.57) (layer Dwgs.User) (width 0.12))
    (fp_circle (center 0 -6.48) (end 1.5 -6.48) (layer Dwgs.User) (width 0.12))
    (fp_line (start 4.5 -1.98) (end 4.5 -12.48) (layer B.SilkS) (width 0.12))
    (fp_line (start -4.5 -1.98) (end -4.5 -12.48) (layer B.SilkS) (width 0.12))
    (fp_text user %R (at 0 -8 90) (layer B.Fab)
      (effects (font (size 1 1) (thickness 0.15)) (justify mirror))
    )
    (fp_line (start -4.5 -12.48) (end -4.5 -2.08) (layer B.Fab) (width 0.1))
    (fp_line (start -5 -12.98) (end -5 1.42) (layer B.CrtYd) (width 0.05))
    (fp_text user KEEPOUT (at 0 -6.48 270) (layer Cmts.User)
      (effects (font (size 0.4 0.4) (thickness 0.051)))
    )
    (pad T thru_hole circle (at 0 -11.4 90) (size 2.13 2.13) (drill 1.43) (layers *.Cu *.Mask)
      (net 12 /A1Out))
    (pad S thru_hole rect (at 0 0 90) (size 1.93 1.83) (drill 1.22) (layers *.Cu *.Mask)
      (net 2 GND))
    (pad TN thru_hole circle (at 0 -3.1 90) (size 2.13 2.13) (drill 1.42) (layers *.Cu *.Mask)
      (net 2 GND))
    (model ${KISYS3DMOD}/Connector_Audio.3dshapes/Jack_3.5mm_QingPu_WQP-PJ398SM_Vertical.wrl
      (at (xyz 0 0 0))
      (scale (xyz 1 1 1))
      (rotate (xyz 0 0 0))
    )
  )

  (module Connector_Audio:Jack_3.5mm_QingPu_WQP-PJ398SM_Vertical_CircularHoles (layer B.Cu) (tedit 5C2B6BB2) (tstamp 5F2DBDC7)
    (at 154.59964 36.74364 270)
    (descr "TRS 3.5mm, vertical, Thonkiconn, PCB mount, (http://www.qingpu-electronics.com/en/products/WQP-PJ398SM-362.html)")
    (tags "WQP-PJ398SM WQP-PJ301M-12 TRS 3.5mm mono vertical jack thonkiconn qingpu")
    (path /5F34FC33)
    (fp_text reference J5 (at -4.03 -1.08 90) (layer B.SilkS)
      (effects (font (size 1 1) (thickness 0.15)) (justify mirror))
    )
    (fp_text value A3Out (at 0 -5 90) (layer B.Fab)
      (effects (font (size 1 1) (thickness 0.15)) (justify mirror))
    )
    (fp_line (start 0 0) (end 0 -2.03) (layer B.Fab) (width 0.1))
    (fp_circle (center 0 -6.48) (end 1.8 -6.48) (layer B.Fab) (width 0.1))
    (fp_line (start 4.5 -2.03) (end -4.5 -2.03) (layer B.Fab) (width 0.1))
    (fp_line (start 5 1.42) (end -5 1.42) (layer B.CrtYd) (width 0.05))
    (fp_line (start 5 -12.98) (end -5 -12.98) (layer B.CrtYd) (width 0.05))
    (fp_line (start 5 -12.98) (end 5 1.42) (layer B.CrtYd) (width 0.05))
    (fp_line (start 4.5 -12.48) (end -4.5 -12.48) (layer B.Fab) (width 0.1))
    (fp_line (start 4.5 -12.48) (end 4.5 -2.08) (layer B.Fab) (width 0.1))
    (fp_line (start -1.06 1) (end -0.2 1) (layer B.SilkS) (width 0.12))
    (fp_line (start -1.06 1) (end -1.06 0.2) (layer B.SilkS) (width 0.12))
    (fp_circle (center 0 -6.48) (end 1.8 -6.48) (layer B.SilkS) (width 0.12))
    (fp_line (start -0.35 -1.98) (end -4.5 -1.98) (layer B.SilkS) (width 0.12))
    (fp_line (start 4.5 -1.98) (end 0.35 -1.98) (layer B.SilkS) (width 0.12))
    (fp_line (start -0.5 -12.48) (end -4.5 -12.48) (layer B.SilkS) (width 0.12))
    (fp_line (start 4.5 -12.48) (end 0.5 -12.48) (layer B.SilkS) (width 0.12))
    (fp_line (start -1.41 -6.02) (end -0.46 -5.07) (layer Dwgs.User) (width 0.12))
    (fp_line (start -1.42 -6.875) (end 0.4 -5.06) (layer Dwgs.User) (width 0.12))
    (fp_line (start -1.07 -7.49) (end 1.01 -5.41) (layer Dwgs.User) (width 0.12))
    (fp_line (start -0.58 -7.83) (end 1.36 -5.89) (layer Dwgs.User) (width 0.12))
    (fp_line (start 0.09 -7.96) (end 1.48 -6.57) (layer Dwgs.User) (width 0.12))
    (fp_circle (center 0 -6.48) (end 1.5 -6.48) (layer Dwgs.User) (width 0.12))
    (fp_line (start 4.5 -1.98) (end 4.5 -12.48) (layer B.SilkS) (width 0.12))
    (fp_line (start -4.5 -1.98) (end -4.5 -12.48) (layer B.SilkS) (width 0.12))
    (fp_text user %R (at 0 -8 90) (layer B.Fab)
      (effects (font (size 1 1) (thickness 0.15)) (justify mirror))
    )
    (fp_line (start -4.5 -12.48) (end -4.5 -2.08) (layer B.Fab) (width 0.1))
    (fp_line (start -5 -12.98) (end -5 1.42) (layer B.CrtYd) (width 0.05))
    (fp_text user KEEPOUT (at 0 -6.48 270) (layer Cmts.User)
      (effects (font (size 0.4 0.4) (thickness 0.051)))
    )
    (pad T thru_hole circle (at 0 -11.4 90) (size 2.13 2.13) (drill 1.43) (layers *.Cu *.Mask)
      (net 14 /A3Out))
    (pad S thru_hole rect (at 0 0 90) (size 1.93 1.83) (drill 1.22) (layers *.Cu *.Mask)
      (net 2 GND))
    (pad TN thru_hole circle (at 0 -3.1 90) (size 2.13 2.13) (drill 1.42) (layers *.Cu *.Mask)
      (net 2 GND))
    (model ${KISYS3DMOD}/Connector_Audio.3dshapes/Jack_3.5mm_QingPu_WQP-PJ398SM_Vertical.wrl
      (at (xyz 0 0 0))
      (scale (xyz 1 1 1))
      (rotate (xyz 0 0 0))
    )
  )

  (module 4ms-footprints:Header_2x05_Pitch2.54mm_TH_-12v_Label (layer F.Cu) (tedit 59B2F03A) (tstamp 5F2E054C)
    (at 165.6334 73.03008 90)
    (descr "Through hole straight pin header, 2x05, 2.54mm pitch, double rows")
    (tags "Through hole pin header THT 2x05 2.54mm double row")
    (path /5F6C8D5A)
    (fp_text reference J1 (at -7.04 -8.86 180) (layer F.SilkS) hide
      (effects (font (size 1 1) (thickness 0.1)))
    )
    (fp_text value EURO_HEADER_10pin (at -0.02306 -7.99156 180) (layer F.Fab)
      (effects (font (size 0.75 0.75) (thickness 0.1)))
    )
    (fp_text user STRIPE (at 1.016 2.0955 90) (layer F.SilkS)
      (effects (font (size 0.5 0.5) (thickness 0.125)))
    )
    (fp_line (start -0.65 -12.35) (end -6.35 -12.35) (layer F.CrtYd) (width 0.05))
    (fp_line (start -0.65 0.95) (end -0.65 -12.35) (layer F.CrtYd) (width 0.05))
    (fp_line (start -6.35 0.95) (end -0.65 0.95) (layer F.CrtYd) (width 0.05))
    (fp_line (start -6.35 -12.35) (end -6.35 0.95) (layer F.CrtYd) (width 0.05))
    (fp_line (start -6.14 -12.14) (end -4.75 -12.14) (layer F.SilkS) (width 0.12))
    (fp_line (start -6.14 -10.75) (end -6.14 -12.14) (layer F.SilkS) (width 0.12))
    (fp_line (start -3.48 -9.48) (end -6.14 -9.48) (layer F.SilkS) (width 0.12))
    (fp_line (start -3.48 -12.14) (end -3.48 -9.48) (layer F.SilkS) (width 0.12))
    (fp_line (start -0.82 -12.14) (end -3.48 -12.14) (layer F.SilkS) (width 0.12))
    (fp_line (start -0.82 0.8) (end -0.82 -12.14) (layer F.SilkS) (width 0.12))
    (fp_line (start -6.14 0.8) (end -0.82 0.8) (layer F.SilkS) (width 0.12))
    (fp_line (start -6.14 -9.48) (end -6.14 0.8) (layer F.SilkS) (width 0.12))
    (fp_line (start -0.94 -12.02) (end -6.02 -12.02) (layer F.Fab) (width 0.1))
    (fp_line (start -0.94 0.68) (end -0.94 -12.02) (layer F.Fab) (width 0.1))
    (fp_line (start -6.02 0.68) (end -0.94 0.68) (layer F.Fab) (width 0.1))
    (fp_line (start -6.02 -12.02) (end -6.02 0.68) (layer F.Fab) (width 0.1))
    (fp_line (start -6.139 2.0955) (end -0.889 2.0955) (layer F.SilkS) (width 0.5))
    (fp_text user -12V (at 1.5494 0.94488 90) (layer F.SilkS)
      (effects (font (size 1 1) (thickness 0.15)))
    )
    (fp_text user POWER (at -9.58596 -8.29056) (layer F.SilkS)
      (effects (font (size 1.5 1.5) (thickness 0.15)))
    )
    (pad 10 thru_hole oval (at -2.21 -0.59 90) (size 1.7 1.7) (drill 1) (layers *.Cu *.Mask)
      (net 24 -12V))
    (pad 9 thru_hole oval (at -4.75 -0.59 90) (size 1.7 1.7) (drill 1) (layers *.Cu *.Mask)
      (net 24 -12V))
    (pad 8 thru_hole oval (at -2.21 -3.13 90) (size 1.7 1.7) (drill 1) (layers *.Cu *.Mask)
      (net 2 GND))
    (pad 7 thru_hole oval (at -4.75 -3.13 90) (size 1.7 1.7) (drill 1) (layers *.Cu *.Mask)
      (net 2 GND))
    (pad 6 thru_hole oval (at -2.21 -5.67 90) (size 1.7 1.7) (drill 1) (layers *.Cu *.Mask)
      (net 2 GND))
    (pad 5 thru_hole oval (at -4.75 -5.67 90) (size 1.7 1.7) (drill 1) (layers *.Cu *.Mask)
      (net 2 GND))
    (pad 4 thru_hole oval (at -2.21 -8.21 90) (size 1.7 1.7) (drill 1) (layers *.Cu *.Mask)
      (net 2 GND))
    (pad 3 thru_hole oval (at -4.75 -8.21 90) (size 1.7 1.7) (drill 1) (layers *.Cu *.Mask)
      (net 2 GND))
    (pad 2 thru_hole oval (at -2.21 -10.75 90) (size 1.7 1.7) (drill 1) (layers *.Cu *.Mask)
      (net 23 +12V))
    (pad 1 thru_hole rect (at -4.75 -10.75 90) (size 1.7 1.7) (drill 1) (layers *.Cu *.Mask)
      (net 23 +12V))
    (model Pin_Headers.3dshapes/Pin_Header_Straight_2x05_Pitch2.54mm.wrl
      (offset (xyz 1.269999980926514 -5.079999923706055 0))
      (scale (xyz 1 1 1))
      (rotate (xyz 0 0 90))
    )
  )

  (module 4ms_Capacitor:C_0805 (layer F.Cu) (tedit 5E500886) (tstamp 5F2E65F7)
    (at 167.07612 112.31372 270)
    (descr C0805)
    (path /5F3DD1D4)
    (attr smd)
    (fp_text reference C6 (at -1.74 -1 90) (layer F.SilkS)
      (effects (font (size 0.65 0.65) (thickness 0.15)) (justify right bottom))
    )
    (fp_text value 0.1u (at 0.64 -1 90) (layer F.SilkS)
      (effects (font (size 0.65 0.65) (thickness 0.15)) (justify right bottom))
    )
    (fp_line (start 1.55 0.9) (end 1.55 -0.9) (layer F.CrtYd) (width 0.05))
    (fp_line (start -1.55 0.9) (end -1.55 -0.9) (layer F.CrtYd) (width 0.05))
    (fp_line (start 1.55 -0.9) (end -1.55 -0.9) (layer F.CrtYd) (width 0.05))
    (fp_line (start 1.55 0.9) (end -1.55 0.9) (layer F.CrtYd) (width 0.05))
    (fp_line (start -0.254 0.5588) (end -0.254 -0.5588) (layer F.SilkS) (width 0.1524))
    (fp_line (start 0.254 0.5588) (end 0.254 -0.5588) (layer F.SilkS) (width 0.1524))
    (pad 2 smd rect (at 0.95 0 270) (size 0.7 1.3) (layers F.Cu F.Paste F.Mask)
      (net 2 GND))
    (pad 1 smd rect (at -0.95 0 270) (size 0.7 1.3) (layers F.Cu F.Paste F.Mask)
      (net 3 VEE))
    (model ${KISYS3DMOD}/Capacitor_SMD.3dshapes/C_0805_2012Metric.step
      (at (xyz 0 0 0))
      (scale (xyz 1 1 1))
      (rotate (xyz 0 0 0))
    )
  )

  (module 4ms_Capacitor:C_0805 (layer F.Cu) (tedit 5E500886) (tstamp 5F2E9E88)
    (at 153.67 112.16132 270)
    (descr C0805)
    (path /5F3B792B)
    (attr smd)
    (fp_text reference C5 (at -1.74 -1) (layer F.SilkS)
      (effects (font (size 0.65 0.65) (thickness 0.15)) (justify left bottom))
    )
    (fp_text value 0.1u (at 0.64 -1 90) (layer F.SilkS)
      (effects (font (size 0.65 0.65) (thickness 0.15)) (justify right bottom))
    )
    (fp_line (start 1.55 0.9) (end 1.55 -0.9) (layer F.CrtYd) (width 0.05))
    (fp_line (start -1.55 0.9) (end -1.55 -0.9) (layer F.CrtYd) (width 0.05))
    (fp_line (start 1.55 -0.9) (end -1.55 -0.9) (layer F.CrtYd) (width 0.05))
    (fp_line (start 1.55 0.9) (end -1.55 0.9) (layer F.CrtYd) (width 0.05))
    (fp_line (start -0.254 0.5588) (end -0.254 -0.5588) (layer F.SilkS) (width 0.1524))
    (fp_line (start 0.254 0.5588) (end 0.254 -0.5588) (layer F.SilkS) (width 0.1524))
    (pad 2 smd rect (at 0.95 0 270) (size 0.7 1.3) (layers F.Cu F.Paste F.Mask)
      (net 2 GND))
    (pad 1 smd rect (at -0.95 0 270) (size 0.7 1.3) (layers F.Cu F.Paste F.Mask)
      (net 1 VCC))
    (model ${KISYS3DMOD}/Capacitor_SMD.3dshapes/C_0805_2012Metric.step
      (at (xyz 0 0 0))
      (scale (xyz 1 1 1))
      (rotate (xyz 0 0 0))
    )
  )

  (module 4ms_Capacitor:C_0805 (layer F.Cu) (tedit 5E500886) (tstamp 5F2E65D7)
    (at 167.11168 41.06672 270)
    (descr C0805)
    (path /5F3CF1AD)
    (attr smd)
    (fp_text reference C4 (at -1.74 -1 90) (layer F.SilkS)
      (effects (font (size 0.65 0.65) (thickness 0.15)) (justify right bottom))
    )
    (fp_text value 0.1u (at 0.64 -1 90) (layer F.SilkS)
      (effects (font (size 0.65 0.65) (thickness 0.15)) (justify right bottom))
    )
    (fp_line (start 1.55 0.9) (end 1.55 -0.9) (layer F.CrtYd) (width 0.05))
    (fp_line (start -1.55 0.9) (end -1.55 -0.9) (layer F.CrtYd) (width 0.05))
    (fp_line (start 1.55 -0.9) (end -1.55 -0.9) (layer F.CrtYd) (width 0.05))
    (fp_line (start 1.55 0.9) (end -1.55 0.9) (layer F.CrtYd) (width 0.05))
    (fp_line (start -0.254 0.5588) (end -0.254 -0.5588) (layer F.SilkS) (width 0.1524))
    (fp_line (start 0.254 0.5588) (end 0.254 -0.5588) (layer F.SilkS) (width 0.1524))
    (pad 2 smd rect (at 0.95 0 270) (size 0.7 1.3) (layers F.Cu F.Paste F.Mask)
      (net 3 VEE))
    (pad 1 smd rect (at -0.95 0 270) (size 0.7 1.3) (layers F.Cu F.Paste F.Mask)
      (net 2 GND))
    (model ${KISYS3DMOD}/Capacitor_SMD.3dshapes/C_0805_2012Metric.step
      (at (xyz 0 0 0))
      (scale (xyz 1 1 1))
      (rotate (xyz 0 0 0))
    )
  )

  (module 4ms_Capacitor:C_0805 (layer F.Cu) (tedit 5E500886) (tstamp 5F2E0DB4)
    (at 153.68016 41.021 270)
    (descr C0805)
    (path /5F36060F)
    (attr smd)
    (fp_text reference C3 (at -1.74 -1 90) (layer F.SilkS)
      (effects (font (size 0.65 0.65) (thickness 0.15)) (justify right bottom))
    )
    (fp_text value 0.1u (at 0.64 -1 90) (layer F.SilkS)
      (effects (font (size 0.65 0.65) (thickness 0.15)) (justify right bottom))
    )
    (fp_line (start 1.55 0.9) (end 1.55 -0.9) (layer F.CrtYd) (width 0.05))
    (fp_line (start -1.55 0.9) (end -1.55 -0.9) (layer F.CrtYd) (width 0.05))
    (fp_line (start 1.55 -0.9) (end -1.55 -0.9) (layer F.CrtYd) (width 0.05))
    (fp_line (start 1.55 0.9) (end -1.55 0.9) (layer F.CrtYd) (width 0.05))
    (fp_line (start -0.254 0.5588) (end -0.254 -0.5588) (layer F.SilkS) (width 0.1524))
    (fp_line (start 0.254 0.5588) (end 0.254 -0.5588) (layer F.SilkS) (width 0.1524))
    (pad 2 smd rect (at 0.95 0 270) (size 0.7 1.3) (layers F.Cu F.Paste F.Mask)
      (net 1 VCC))
    (pad 1 smd rect (at -0.95 0 270) (size 0.7 1.3) (layers F.Cu F.Paste F.Mask)
      (net 2 GND))
    (model ${KISYS3DMOD}/Capacitor_SMD.3dshapes/C_0805_2012Metric.step
      (at (xyz 0 0 0))
      (scale (xyz 1 1 1))
      (rotate (xyz 0 0 0))
    )
  )

  (module LED_SMD:LED_1206_3216Metric_Pad1.42x1.75mm_HandSolder (layer B.Cu) (tedit 5B4B45C9) (tstamp 5F5DFC2D)
    (at 159.98952 80.01 180)
    (descr "LED SMD 1206 (3216 Metric), square (rectangular) end terminal, IPC_7351 nominal, (Body size source: http://www.tortai-tech.com/upload/download/2011102023233369053.pdf), generated with kicad-footprint-generator")
    (tags "LED handsolder")
    (path /5F60D796)
    (attr smd)
    (fp_text reference D4 (at -3.50012 -0.03048) (layer B.SilkS)
      (effects (font (size 1 1) (thickness 0.15)) (justify mirror))
    )
    (fp_text value LED_R (at 0 -1.82) (layer B.Fab)
      (effects (font (size 1 1) (thickness 0.15)) (justify mirror))
    )
    (fp_text user %R (at 0 0) (layer B.Fab)
      (effects (font (size 0.8 0.8) (thickness 0.12)) (justify mirror))
    )
    (fp_line (start 2.45 -1.12) (end -2.45 -1.12) (layer B.CrtYd) (width 0.05))
    (fp_line (start 2.45 1.12) (end 2.45 -1.12) (layer B.CrtYd) (width 0.05))
    (fp_line (start -2.45 1.12) (end 2.45 1.12) (layer B.CrtYd) (width 0.05))
    (fp_line (start -2.45 -1.12) (end -2.45 1.12) (layer B.CrtYd) (width 0.05))
    (fp_line (start -2.46 -1.135) (end 1.6 -1.135) (layer B.SilkS) (width 0.12))
    (fp_line (start -2.46 1.135) (end -2.46 -1.135) (layer B.SilkS) (width 0.12))
    (fp_line (start 1.6 1.135) (end -2.46 1.135) (layer B.SilkS) (width 0.12))
    (fp_line (start 1.6 -0.8) (end 1.6 0.8) (layer B.Fab) (width 0.1))
    (fp_line (start -1.6 -0.8) (end 1.6 -0.8) (layer B.Fab) (width 0.1))
    (fp_line (start -1.6 0.4) (end -1.6 -0.8) (layer B.Fab) (width 0.1))
    (fp_line (start -1.2 0.8) (end -1.6 0.4) (layer B.Fab) (width 0.1))
    (fp_line (start 1.6 0.8) (end -1.2 0.8) (layer B.Fab) (width 0.1))
    (pad 2 smd roundrect (at 1.4875 0 180) (size 1.425 1.75) (layers B.Cu B.Paste B.Mask) (roundrect_rratio 0.175439)
      (net 25 "Net-(D4-Pad2)"))
    (pad 1 smd roundrect (at -1.4875 0 180) (size 1.425 1.75) (layers B.Cu B.Paste B.Mask) (roundrect_rratio 0.175439)
      (net 24 -12V))
    (model ${KISYS3DMOD}/LED_SMD.3dshapes/LED_1206_3216Metric.wrl
      (at (xyz 0 0 0))
      (scale (xyz 1 1 1))
      (rotate (xyz 0 0 0))
    )
  )

  (module LED_SMD:LED_1206_3216Metric_Pad1.42x1.75mm_HandSolder (layer B.Cu) (tedit 5B4B45C9) (tstamp 5F5E1B26)
    (at 159.90918 73.01992 180)
    (descr "LED SMD 1206 (3216 Metric), square (rectangular) end terminal, IPC_7351 nominal, (Body size source: http://www.tortai-tech.com/upload/download/2011102023233369053.pdf), generated with kicad-footprint-generator")
    (tags "LED handsolder")
    (path /5F60E27F)
    (attr smd)
    (fp_text reference D3 (at -4.0275 0.01524) (layer B.SilkS)
      (effects (font (size 1 1) (thickness 0.15)) (justify mirror))
    )
    (fp_text value LED_B (at 0 -1.82) (layer B.Fab)
      (effects (font (size 1 1) (thickness 0.15)) (justify mirror))
    )
    (fp_text user %R (at 0 0) (layer B.Fab)
      (effects (font (size 0.8 0.8) (thickness 0.12)) (justify mirror))
    )
    (fp_line (start 2.45 -1.12) (end -2.45 -1.12) (layer B.CrtYd) (width 0.05))
    (fp_line (start 2.45 1.12) (end 2.45 -1.12) (layer B.CrtYd) (width 0.05))
    (fp_line (start -2.45 1.12) (end 2.45 1.12) (layer B.CrtYd) (width 0.05))
    (fp_line (start -2.45 -1.12) (end -2.45 1.12) (layer B.CrtYd) (width 0.05))
    (fp_line (start -2.46 -1.135) (end 1.6 -1.135) (layer B.SilkS) (width 0.12))
    (fp_line (start -2.46 1.135) (end -2.46 -1.135) (layer B.SilkS) (width 0.12))
    (fp_line (start 1.6 1.135) (end -2.46 1.135) (layer B.SilkS) (width 0.12))
    (fp_line (start 1.6 -0.8) (end 1.6 0.8) (layer B.Fab) (width 0.1))
    (fp_line (start -1.6 -0.8) (end 1.6 -0.8) (layer B.Fab) (width 0.1))
    (fp_line (start -1.6 0.4) (end -1.6 -0.8) (layer B.Fab) (width 0.1))
    (fp_line (start -1.2 0.8) (end -1.6 0.4) (layer B.Fab) (width 0.1))
    (fp_line (start 1.6 0.8) (end -1.2 0.8) (layer B.Fab) (width 0.1))
    (pad 2 smd roundrect (at 1.4875 0 180) (size 1.425 1.75) (layers B.Cu B.Paste B.Mask) (roundrect_rratio 0.175439)
      (net 22 "Net-(D3-Pad2)"))
    (pad 1 smd roundrect (at -1.4875 0 180) (size 1.425 1.75) (layers B.Cu B.Paste B.Mask) (roundrect_rratio 0.175439)
      (net 2 GND))
    (model ${KISYS3DMOD}/LED_SMD.3dshapes/LED_1206_3216Metric.wrl
      (at (xyz 0 0 0))
      (scale (xyz 1 1 1))
      (rotate (xyz 0 0 0))
    )
  )

  (module Resistor_SMD:R_0805_2012Metric_Pad1.15x1.40mm_HandSolder (layer B.Cu) (tedit 5B36C52B) (tstamp 5F5E0025)
    (at 155.0416 80.05064)
    (descr "Resistor SMD 0805 (2012 Metric), square (rectangular) end terminal, IPC_7351 nominal with elongated pad for handsoldering. (Body size source: https://docs.google.com/spreadsheets/d/1BsfQQcO9C6DZCsRaXUlFlo91Tg2WpOkGARC1WS5S8t0/edit?usp=sharing), generated with kicad-footprint-generator")
    (tags "resistor handsolder")
    (path /5F60C915)
    (attr smd)
    (fp_text reference R10 (at -0.30988 1.33096) (layer B.SilkS)
      (effects (font (size 1 1) (thickness 0.15)) (justify mirror))
    )
    (fp_text value 470 (at 0 -1.65) (layer B.Fab)
      (effects (font (size 1 1) (thickness 0.15)) (justify mirror))
    )
    (fp_line (start -1 -0.6) (end -1 0.6) (layer B.Fab) (width 0.1))
    (fp_line (start -1 0.6) (end 1 0.6) (layer B.Fab) (width 0.1))
    (fp_line (start 1 0.6) (end 1 -0.6) (layer B.Fab) (width 0.1))
    (fp_line (start 1 -0.6) (end -1 -0.6) (layer B.Fab) (width 0.1))
    (fp_line (start -0.261252 0.71) (end 0.261252 0.71) (layer B.SilkS) (width 0.12))
    (fp_line (start -0.261252 -0.71) (end 0.261252 -0.71) (layer B.SilkS) (width 0.12))
    (fp_line (start -1.85 -0.95) (end -1.85 0.95) (layer B.CrtYd) (width 0.05))
    (fp_line (start -1.85 0.95) (end 1.85 0.95) (layer B.CrtYd) (width 0.05))
    (fp_line (start 1.85 0.95) (end 1.85 -0.95) (layer B.CrtYd) (width 0.05))
    (fp_line (start 1.85 -0.95) (end -1.85 -0.95) (layer B.CrtYd) (width 0.05))
    (fp_text user %R (at 0 0) (layer B.Fab)
      (effects (font (size 0.5 0.5) (thickness 0.08)) (justify mirror))
    )
    (pad 1 smd roundrect (at -1.025 0) (size 1.15 1.4) (layers B.Cu B.Paste B.Mask) (roundrect_rratio 0.217391)
      (net 2 GND))
    (pad 2 smd roundrect (at 1.025 0) (size 1.15 1.4) (layers B.Cu B.Paste B.Mask) (roundrect_rratio 0.217391)
      (net 25 "Net-(D4-Pad2)"))
    (model ${KISYS3DMOD}/Resistor_SMD.3dshapes/R_0805_2012Metric.wrl
      (at (xyz 0 0 0))
      (scale (xyz 1 1 1))
      (rotate (xyz 0 0 0))
    )
  )

  (module Resistor_SMD:R_0805_2012Metric_Pad1.15x1.40mm_HandSolder (layer B.Cu) (tedit 5B36C52B) (tstamp 5F5E0014)
    (at 154.64028 73.11136 180)
    (descr "Resistor SMD 0805 (2012 Metric), square (rectangular) end terminal, IPC_7351 nominal with elongated pad for handsoldering. (Body size source: https://docs.google.com/spreadsheets/d/1BsfQQcO9C6DZCsRaXUlFlo91Tg2WpOkGARC1WS5S8t0/edit?usp=sharing), generated with kicad-footprint-generator")
    (tags "resistor handsolder")
    (path /5F60BE3D)
    (attr smd)
    (fp_text reference R9 (at 0 1.65) (layer B.SilkS)
      (effects (font (size 1 1) (thickness 0.15)) (justify mirror))
    )
    (fp_text value 470 (at 0 -1.65) (layer B.Fab)
      (effects (font (size 1 1) (thickness 0.15)) (justify mirror))
    )
    (fp_line (start -1 -0.6) (end -1 0.6) (layer B.Fab) (width 0.1))
    (fp_line (start -1 0.6) (end 1 0.6) (layer B.Fab) (width 0.1))
    (fp_line (start 1 0.6) (end 1 -0.6) (layer B.Fab) (width 0.1))
    (fp_line (start 1 -0.6) (end -1 -0.6) (layer B.Fab) (width 0.1))
    (fp_line (start -0.261252 0.71) (end 0.261252 0.71) (layer B.SilkS) (width 0.12))
    (fp_line (start -0.261252 -0.71) (end 0.261252 -0.71) (layer B.SilkS) (width 0.12))
    (fp_line (start -1.85 -0.95) (end -1.85 0.95) (layer B.CrtYd) (width 0.05))
    (fp_line (start -1.85 0.95) (end 1.85 0.95) (layer B.CrtYd) (width 0.05))
    (fp_line (start 1.85 0.95) (end 1.85 -0.95) (layer B.CrtYd) (width 0.05))
    (fp_line (start 1.85 -0.95) (end -1.85 -0.95) (layer B.CrtYd) (width 0.05))
    (fp_text user %R (at 0 0) (layer B.Fab)
      (effects (font (size 0.5 0.5) (thickness 0.08)) (justify mirror))
    )
    (pad 1 smd roundrect (at -1.025 0 180) (size 1.15 1.4) (layers B.Cu B.Paste B.Mask) (roundrect_rratio 0.217391)
      (net 22 "Net-(D3-Pad2)"))
    (pad 2 smd roundrect (at 1.025 0 180) (size 1.15 1.4) (layers B.Cu B.Paste B.Mask) (roundrect_rratio 0.217391)
      (net 23 +12V))
    (model ${KISYS3DMOD}/Resistor_SMD.3dshapes/R_0805_2012Metric.wrl
      (at (xyz 0 0 0))
      (scale (xyz 1 1 1))
      (rotate (xyz 0 0 0))
    )
  )

  (module Capacitor_SMD:CP_Elec_3x5.4 (layer F.Cu) (tedit 5BCA39CF) (tstamp 5F2E65A0)
    (at 164.76472 82.63128)
    (descr "SMD capacitor, aluminum electrolytic, Nichicon, 3.0x5.4mm")
    (tags "capacitor electrolytic")
    (path /5F32B7A2)
    (attr smd)
    (fp_text reference C2 (at 0 -2.7) (layer F.SilkS)
      (effects (font (size 1 1) (thickness 0.15)))
    )
    (fp_text value 10uF (at 0 2.7) (layer F.Fab)
      (effects (font (size 1 1) (thickness 0.15)))
    )
    (fp_text user %R (at 0 0) (layer F.Fab)
      (effects (font (size 0.6 0.6) (thickness 0.09)))
    )
    (fp_line (start -2.85 1.05) (end -1.78 1.05) (layer F.CrtYd) (width 0.05))
    (fp_line (start -2.85 -1.05) (end -2.85 1.05) (layer F.CrtYd) (width 0.05))
    (fp_line (start -1.78 -1.05) (end -2.85 -1.05) (layer F.CrtYd) (width 0.05))
    (fp_line (start -1.78 -1.05) (end -0.93 -1.9) (layer F.CrtYd) (width 0.05))
    (fp_line (start -1.78 1.05) (end -0.93 1.9) (layer F.CrtYd) (width 0.05))
    (fp_line (start -0.93 -1.9) (end 1.9 -1.9) (layer F.CrtYd) (width 0.05))
    (fp_line (start -0.93 1.9) (end 1.9 1.9) (layer F.CrtYd) (width 0.05))
    (fp_line (start 1.9 1.05) (end 1.9 1.9) (layer F.CrtYd) (width 0.05))
    (fp_line (start 2.85 1.05) (end 1.9 1.05) (layer F.CrtYd) (width 0.05))
    (fp_line (start 2.85 -1.05) (end 2.85 1.05) (layer F.CrtYd) (width 0.05))
    (fp_line (start 1.9 -1.05) (end 2.85 -1.05) (layer F.CrtYd) (width 0.05))
    (fp_line (start 1.9 -1.9) (end 1.9 -1.05) (layer F.CrtYd) (width 0.05))
    (fp_line (start -2.1875 -1.6225) (end -2.1875 -1.2475) (layer F.SilkS) (width 0.12))
    (fp_line (start -2.375 -1.435) (end -2 -1.435) (layer F.SilkS) (width 0.12))
    (fp_line (start -1.570563 1.06) (end -0.870563 1.76) (layer F.SilkS) (width 0.12))
    (fp_line (start -1.570563 -1.06) (end -0.870563 -1.76) (layer F.SilkS) (width 0.12))
    (fp_line (start -0.870563 1.76) (end 1.76 1.76) (layer F.SilkS) (width 0.12))
    (fp_line (start -0.870563 -1.76) (end 1.76 -1.76) (layer F.SilkS) (width 0.12))
    (fp_line (start 1.76 -1.76) (end 1.76 -1.06) (layer F.SilkS) (width 0.12))
    (fp_line (start 1.76 1.76) (end 1.76 1.06) (layer F.SilkS) (width 0.12))
    (fp_line (start -0.960469 -0.95) (end -0.960469 -0.65) (layer F.Fab) (width 0.1))
    (fp_line (start -1.110469 -0.8) (end -0.810469 -0.8) (layer F.Fab) (width 0.1))
    (fp_line (start -1.65 0.825) (end -0.825 1.65) (layer F.Fab) (width 0.1))
    (fp_line (start -1.65 -0.825) (end -0.825 -1.65) (layer F.Fab) (width 0.1))
    (fp_line (start -1.65 -0.825) (end -1.65 0.825) (layer F.Fab) (width 0.1))
    (fp_line (start -0.825 1.65) (end 1.65 1.65) (layer F.Fab) (width 0.1))
    (fp_line (start -0.825 -1.65) (end 1.65 -1.65) (layer F.Fab) (width 0.1))
    (fp_line (start 1.65 -1.65) (end 1.65 1.65) (layer F.Fab) (width 0.1))
    (fp_circle (center 0 0) (end 1.5 0) (layer F.Fab) (width 0.1))
    (pad 2 smd roundrect (at 1.5 0) (size 2.2 1.6) (layers F.Cu F.Paste F.Mask) (roundrect_rratio 0.15625)
      (net 3 VEE))
    (pad 1 smd roundrect (at -1.5 0) (size 2.2 1.6) (layers F.Cu F.Paste F.Mask) (roundrect_rratio 0.15625)
      (net 2 GND))
    (model ${KISYS3DMOD}/Capacitor_SMD.3dshapes/CP_Elec_3x5.4.wrl
      (at (xyz 0 0 0))
      (scale (xyz 1 1 1))
      (rotate (xyz 0 0 0))
    )
  )

  (module Capacitor_SMD:CP_Elec_3x5.4 (layer F.Cu) (tedit 5BCA39CF) (tstamp 5F2E6579)
    (at 155.6258 70.1548)
    (descr "SMD capacitor, aluminum electrolytic, Nichicon, 3.0x5.4mm")
    (tags "capacitor electrolytic")
    (path /5F32B056)
    (attr smd)
    (fp_text reference C1 (at 0 -2.7) (layer F.SilkS)
      (effects (font (size 1 1) (thickness 0.15)))
    )
    (fp_text value 10uF (at 0 2.7) (layer F.Fab)
      (effects (font (size 1 1) (thickness 0.15)))
    )
    (fp_text user %R (at 0 0) (layer F.Fab)
      (effects (font (size 0.6 0.6) (thickness 0.09)))
    )
    (fp_line (start -2.85 1.05) (end -1.78 1.05) (layer F.CrtYd) (width 0.05))
    (fp_line (start -2.85 -1.05) (end -2.85 1.05) (layer F.CrtYd) (width 0.05))
    (fp_line (start -1.78 -1.05) (end -2.85 -1.05) (layer F.CrtYd) (width 0.05))
    (fp_line (start -1.78 -1.05) (end -0.93 -1.9) (layer F.CrtYd) (width 0.05))
    (fp_line (start -1.78 1.05) (end -0.93 1.9) (layer F.CrtYd) (width 0.05))
    (fp_line (start -0.93 -1.9) (end 1.9 -1.9) (layer F.CrtYd) (width 0.05))
    (fp_line (start -0.93 1.9) (end 1.9 1.9) (layer F.CrtYd) (width 0.05))
    (fp_line (start 1.9 1.05) (end 1.9 1.9) (layer F.CrtYd) (width 0.05))
    (fp_line (start 2.85 1.05) (end 1.9 1.05) (layer F.CrtYd) (width 0.05))
    (fp_line (start 2.85 -1.05) (end 2.85 1.05) (layer F.CrtYd) (width 0.05))
    (fp_line (start 1.9 -1.05) (end 2.85 -1.05) (layer F.CrtYd) (width 0.05))
    (fp_line (start 1.9 -1.9) (end 1.9 -1.05) (layer F.CrtYd) (width 0.05))
    (fp_line (start -2.1875 -1.6225) (end -2.1875 -1.2475) (layer F.SilkS) (width 0.12))
    (fp_line (start -2.375 -1.435) (end -2 -1.435) (layer F.SilkS) (width 0.12))
    (fp_line (start -1.570563 1.06) (end -0.870563 1.76) (layer F.SilkS) (width 0.12))
