(kicad_pcb (version 20171130) (host pcbnew "(5.1.2-1)-1")

  (general
    (thickness 1.6)
    (drawings 8)
    (tracks 507)
    (zones 0)
    (modules 82)
    (nets 52)
  )

  (page A4)
  (layers
    (0 F.Cu signal)
    (31 B.Cu power)
    (36 B.SilkS user hide)
    (37 F.SilkS user hide)
    (38 B.Mask user)
    (39 F.Mask user)
    (40 Dwgs.User user)
    (41 Cmts.User user)
    (42 Eco1.User user)
    (43 Eco2.User user)
    (44 Edge.Cuts user)
    (45 Margin user)
    (46 B.CrtYd user)
    (47 F.CrtYd user)
    (48 B.Fab user)
    (49 F.Fab user)
  )

  (setup
    (last_trace_width 0.25)
    (trace_clearance 0.2)
    (zone_clearance 0.508)
    (zone_45_only no)
    (trace_min 0.2)
    (via_size 0.8)
    (via_drill 0.4)
    (via_min_size 0.4)
    (via_min_drill 0.3)
    (uvia_size 0.3)
    (uvia_drill 0.1)
    (uvias_allowed no)
    (uvia_min_size 0.2)
    (uvia_min_drill 0.1)
    (edge_width 0.05)
    (segment_width 0.2)
    (pcb_text_width 0.3)
    (pcb_text_size 1.5 1.5)
    (mod_edge_width 0.12)
    (mod_text_size 1 1)
    (mod_text_width 0.15)
    (pad_size 1.7272 1.7272)
    (pad_drill 1.016)
    (pad_to_mask_clearance 0.051)
    (solder_mask_min_width 0.25)
    (aux_axis_origin 0 0)
    (visible_elements FFFFFF7F)
    (pcbplotparams
      (layerselection 0x010fc_ffffffff)
      (usegerberextensions false)
      (usegerberattributes false)
      (usegerberadvancedattributes false)
      (creategerberjobfile false)
      (excludeedgelayer true)
      (linewidth 0.100000)
      (plotframeref false)
      (viasonmask false)
      (mode 1)
      (useauxorigin false)
      (hpglpennumber 1)
      (hpglpenspeed 20)
      (hpglpendiameter 15.000000)
      (psnegative false)
      (psa4output false)
      (plotreference true)
      (plotvalue true)
      (plotinvisibletext false)
      (padsonsilk false)
      (subtractmaskfromsilk false)
      (outputformat 1)
      (mirror false)
      (drillshape 1)
      (scaleselection 1)
      (outputdirectory ""))
  )

  (net 0 "")
  (net 1 "Net-(C101-Pad1)")
  (net 2 GND)
  (net 3 "Net-(C102-Pad1)")
  (net 4 "Net-(C103-Pad1)")
  (net 5 "Net-(C104-Pad1)")
  (net 6 "Net-(C105-Pad1)")
  (net 7 "Net-(C106-Pad1)")
  (net 8 +12V)
  (net 9 "Net-(C109-Pad2)")
  (net 10 "Net-(C109-Pad1)")
  (net 11 "Net-(C110-Pad1)")
  (net 12 "Net-(C110-Pad2)")
  (net 13 "Net-(C112-Pad1)")
  (net 14 "Net-(C112-Pad2)")
  (net 15 "Net-(C113-Pad2)")
  (net 16 "Net-(C113-Pad1)")
  (net 17 "Net-(D101-Pad2)")
  (net 18 "Net-(D102-Pad2)")
  (net 19 "Net-(D103-Pad2)")
  (net 20 "Net-(D104-Pad1)")
  (net 21 "Net-(D104-Pad2)")
  (net 22 "Net-(D105-Pad2)")
  (net 23 "Net-(D105-Pad1)")
  (net 24 "Net-(D106-Pad1)")
  (net 25 "Net-(D106-Pad2)")
  (net 26 "Net-(D107-Pad2)")
  (net 27 "Net-(D108-Pad2)")
  (net 28 "Net-(D109-Pad2)")
  (net 29 "Net-(D110-Pad2)")
  (net 30 "Net-(D111-Pad2)")
  (net 31 /MIX_A)
  (net 32 /MIX_B)
  (net 33 /MIX_C)
  (net 34 /MIX_F)
  (net 35 /MIX_E)
  (net 36 /MIX_D)
  (net 37 "Net-(Q101-Pad2)")
  (net 38 "Net-(Q101-Pad3)")
  (net 39 "Net-(Q102-Pad2)")
  (net 40 "Net-(Q102-Pad3)")
  (net 41 "Net-(Q103-Pad3)")
  (net 42 "Net-(Q103-Pad2)")
  (net 43 "Net-(Q104-Pad3)")
  (net 44 "Net-(Q104-Pad2)")
  (net 45 "Net-(Q105-Pad2)")
  (net 46 "Net-(Q105-Pad3)")
  (net 47 "Net-(Q106-Pad2)")
  (net 48 "Net-(Q106-Pad3)")
  (net 49 "Net-(Q107-Pad3)")
  (net 50 "Net-(Q107-Pad2)")
  (net 51 "Net-(R126-Pad1)")

  (net_class Default "This is the default net class."
    (clearance 0.2)
    (trace_width 0.25)
    (via_dia 0.8)
    (via_drill 0.4)
    (uvia_dia 0.3)
    (uvia_drill 0.1)
  )

  (net_class Power ""
    (clearance 0.4)
    (trace_width 0.4)
    (via_dia 0.8)
    (via_drill 0.4)
    (uvia_dia 0.3)
    (uvia_drill 0.1)
    (add_net +12V)
    (add_net GND)
  )

  (net_class Signal ""
    (clearance 0.4)
    (trace_width 0.25)
    (via_dia 0.6)
    (via_drill 0.3)
    (uvia_dia 0.3)
    (uvia_drill 0.1)
    (add_net /MIX_A)
    (add_net /MIX_B)
    (add_net /MIX_C)
    (add_net /MIX_D)
    (add_net /MIX_E)
    (add_net /MIX_F)
    (add_net "Net-(C101-Pad1)")
    (add_net "Net-(C102-Pad1)")
    (add_net "Net-(C103-Pad1)")
    (add_net "Net-(C104-Pad1)")
    (add_net "Net-(C105-Pad1)")
    (add_net "Net-(C106-Pad1)")
    (add_net "Net-(C109-Pad1)")
    (add_net "Net-(C109-Pad2)")
    (add_net "Net-(C110-Pad1)")
    (add_net "Net-(C110-Pad2)")
    (add_net "Net-(C112-Pad1)")
    (add_net "Net-(C112-Pad2)")
    (add_net "Net-(C113-Pad1)")
    (add_net "Net-(C113-Pad2)")
    (add_net "Net-(D101-Pad2)")
    (add_net "Net-(D102-Pad2)")
    (add_net "Net-(D103-Pad2)")
    (add_net "Net-(D104-Pad1)")
    (add_net "Net-(D104-Pad2)")
    (add_net "Net-(D105-Pad1)")
    (add_net "Net-(D105-Pad2)")
    (add_net "Net-(D106-Pad1)")
    (add_net "Net-(D106-Pad2)")
    (add_net "Net-(D107-Pad2)")
    (add_net "Net-(D108-Pad2)")
    (add_net "Net-(D109-Pad2)")
    (add_net "Net-(D110-Pad2)")
    (add_net "Net-(D111-Pad2)")
    (add_net "Net-(Q101-Pad2)")
    (add_net "Net-(Q101-Pad3)")
    (add_net "Net-(Q102-Pad2)")
    (add_net "Net-(Q102-Pad3)")
    (add_net "Net-(Q103-Pad2)")
    (add_net "Net-(Q103-Pad3)")
    (add_net "Net-(Q104-Pad2)")
    (add_net "Net-(Q104-Pad3)")
    (add_net "Net-(Q105-Pad2)")
    (add_net "Net-(Q105-Pad3)")
    (add_net "Net-(Q106-Pad2)")
    (add_net "Net-(Q106-Pad3)")
    (add_net "Net-(Q107-Pad2)")
    (add_net "Net-(Q107-Pad3)")
    (add_net "Net-(R126-Pad1)")
  )

  (module Connector_Audio:Jack_3.5mm_QingPu_WQP-PJ398SM_Vertical_CircularHoles (layer B.Cu) (tedit 5C2B6BB2) (tstamp 5E3A0C33)
    (at 109.22 65.532 270)
    (descr "TRS 3.5mm, vertical, Thonkiconn, PCB mount, (http://www.qingpu-electronics.com/en/products/WQP-PJ398SM-362.html)")
    (tags "WQP-PJ398SM WQP-PJ301M-12 TRS 3.5mm mono vertical jack thonkiconn qingpu")
    (path /5E7A0450)
    (fp_text reference J112 (at -3.048 -6.604) (layer B.SilkS)
      (effects (font (size 1 1) (thickness 0.15)) (justify mirror))
    )
    (fp_text value AudioJack2 (at 0 -5 270) (layer B.Fab)
      (effects (font (size 1 1) (thickness 0.15)) (justify mirror))
    )
    (fp_line (start 0 0) (end 0 -2.03) (layer B.Fab) (width 0.1))
    (fp_circle (center 0 -6.48) (end 1.8 -6.48) (layer B.Fab) (width 0.1))
    (fp_line (start 4.5 -2.03) (end -4.5 -2.03) (layer B.Fab) (width 0.1))
    (fp_line (start 5 1.42) (end -5 1.42) (layer B.CrtYd) (width 0.05))
    (fp_line (start 5 -12.98) (end -5 -12.98) (layer B.CrtYd) (width 0.05))
    (fp_line (start 5 -12.98) (end 5 1.42) (layer B.CrtYd) (width 0.05))
    (fp_line (start 4.5 -12.48) (end -4.5 -12.48) (layer B.Fab) (width 0.1))
    (fp_line (start 4.5 -12.48) (end 4.5 -2.08) (layer B.Fab) (width 0.1))
    (fp_line (start -1.06 1) (end -0.2 1) (layer B.SilkS) (width 0.12))
    (fp_line (start -1.06 1) (end -1.06 0.2) (layer B.SilkS) (width 0.12))
    (fp_circle (center 0 -6.48) (end 1.8 -6.48) (layer B.SilkS) (width 0.12))
    (fp_line (start -0.35 -1.98) (end -4.5 -1.98) (layer B.SilkS) (width 0.12))
    (fp_line (start 4.5 -1.98) (end 0.35 -1.98) (layer B.SilkS) (width 0.12))
    (fp_line (start -0.5 -12.48) (end -4.5 -12.48) (layer B.SilkS) (width 0.12))
    (fp_line (start 4.5 -12.48) (end 0.5 -12.48) (layer B.SilkS) (width 0.12))
    (fp_line (start -1.41 -6.02) (end -0.46 -5.07) (layer Dwgs.User) (width 0.12))
    (fp_line (start -1.42 -6.875) (end 0.4 -5.06) (layer Dwgs.User) (width 0.12))
    (fp_line (start -1.07 -7.49) (end 1.01 -5.41) (layer Dwgs.User) (width 0.12))
    (fp_line (start -0.58 -7.83) (end 1.36 -5.89) (layer Dwgs.User) (width 0.12))
    (fp_line (start 0.09 -7.96) (end 1.48 -6.57) (layer Dwgs.User) (width 0.12))
    (fp_circle (center 0 -6.48) (end 1.5 -6.48) (layer Dwgs.User) (width 0.12))
    (fp_line (start 4.5 -1.98) (end 4.5 -12.48) (layer B.SilkS) (width 0.12))
    (fp_line (start -4.5 -1.98) (end -4.5 -12.48) (layer B.SilkS) (width 0.12))
    (fp_text user %R (at 0 -8 270) (layer B.Fab)
      (effects (font (size 1 1) (thickness 0.15)) (justify mirror))
    )
    (fp_line (start -4.5 -12.48) (end -4.5 -2.08) (layer B.Fab) (width 0.1))
    (fp_line (start -5 -12.98) (end -5 1.42) (layer B.CrtYd) (width 0.05))
    (fp_text user KEEPOUT (at 0 -6.48 90) (layer Cmts.User)
      (effects (font (size 0.4 0.4) (thickness 0.051)))
    )
    (pad T thru_hole circle (at 0 -11.4 90) (size 2.13 2.13) (drill 1.43) (layers *.Cu *.Mask)
      (net 15 "Net-(C113-Pad2)"))
    (pad S thru_hole rect (at 0 0 90) (size 1.93 1.83) (drill 1.22) (layers *.Cu *.Mask)
      (net 2 GND))
    (pad TN thru_hole circle (at 0 -3.1 90) (size 2.13 2.13) (drill 1.42) (layers *.Cu *.Mask))
    (model ${KISYS3DMOD}/Connector_Audio.3dshapes/Jack_3.5mm_QingPu_WQP-PJ398SM_Vertical.wrl
      (at (xyz 0 0 0))
      (scale (xyz 1 1 1))
      (rotate (xyz 0 0 0))
    )
  )

  (module Connector_Audio:Jack_3.5mm_QingPu_WQP-PJ398SM_Vertical_CircularHoles (layer B.Cu) (tedit 5C2B6BB2) (tstamp 5E3A0AD9)
    (at 102.108 97.536)
    (descr "TRS 3.5mm, vertical, Thonkiconn, PCB mount, (http://www.qingpu-electronics.com/en/products/WQP-PJ398SM-362.html)")
    (tags "WQP-PJ398SM WQP-PJ301M-12 TRS 3.5mm mono vertical jack thonkiconn qingpu")
    (path /5E3A8305)
    (fp_text reference J102 (at -4.03 -1.08 -180) (layer B.SilkS)
      (effects (font (size 1 1) (thickness 0.15)) (justify mirror))
    )
    (fp_text value AudioJack2 (at 0 -5 -180) (layer B.Fab)
      (effects (font (size 1 1) (thickness 0.15)) (justify mirror))
    )
    (fp_text user KEEPOUT (at 0 -6.48) (layer Cmts.User)
      (effects (font (size 0.4 0.4) (thickness 0.051)))
    )
    (fp_line (start -5 -12.98) (end -5 1.42) (layer B.CrtYd) (width 0.05))
    (fp_line (start -4.5 -12.48) (end -4.5 -2.08) (layer B.Fab) (width 0.1))
    (fp_text user %R (at 0 -8 -180) (layer B.Fab)
      (effects (font (size 1 1) (thickness 0.15)) (justify mirror))
    )
    (fp_line (start -4.5 -1.98) (end -4.5 -12.48) (layer B.SilkS) (width 0.12))
    (fp_line (start 4.5 -1.98) (end 4.5 -12.48) (layer B.SilkS) (width 0.12))
    (fp_circle (center 0 -6.48) (end 1.5 -6.48) (layer Dwgs.User) (width 0.12))
    (fp_line (start 0.09 -7.96) (end 1.48 -6.57) (layer Dwgs.User) (width 0.12))
    (fp_line (start -0.58 -7.83) (end 1.36 -5.89) (layer Dwgs.User) (width 0.12))
    (fp_line (start -1.07 -7.49) (end 1.01 -5.41) (layer Dwgs.User) (width 0.12))
    (fp_line (start -1.42 -6.875) (end 0.4 -5.06) (layer Dwgs.User) (width 0.12))
    (fp_line (start -1.41 -6.02) (end -0.46 -5.07) (layer Dwgs.User) (width 0.12))
    (fp_line (start 4.5 -12.48) (end 0.5 -12.48) (layer B.SilkS) (width 0.12))
    (fp_line (start -0.5 -12.48) (end -4.5 -12.48) (layer B.SilkS) (width 0.12))
    (fp_line (start 4.5 -1.98) (end 0.35 -1.98) (layer B.SilkS) (width 0.12))
    (fp_line (start -0.35 -1.98) (end -4.5 -1.98) (layer B.SilkS) (width 0.12))
    (fp_circle (center 0 -6.48) (end 1.8 -6.48) (layer B.SilkS) (width 0.12))
    (fp_line (start -1.06 1) (end -1.06 0.2) (layer B.SilkS) (width 0.12))
    (fp_line (start -1.06 1) (end -0.2 1) (layer B.SilkS) (width 0.12))
    (fp_line (start 4.5 -12.48) (end 4.5 -2.08) (layer B.Fab) (width 0.1))
    (fp_line (start 4.5 -12.48) (end -4.5 -12.48) (layer B.Fab) (width 0.1))
    (fp_line (start 5 -12.98) (end 5 1.42) (layer B.CrtYd) (width 0.05))
    (fp_line (start 5 -12.98) (end -5 -12.98) (layer B.CrtYd) (width 0.05))
    (fp_line (start 5 1.42) (end -5 1.42) (layer B.CrtYd) (width 0.05))
    (fp_line (start 4.5 -2.03) (end -4.5 -2.03) (layer B.Fab) (width 0.1))
    (fp_circle (center 0 -6.48) (end 1.8 -6.48) (layer B.Fab) (width 0.1))
    (fp_line (start 0 0) (end 0 -2.03) (layer B.Fab) (width 0.1))
    (pad TN thru_hole circle (at 0 -3.1 180) (size 2.13 2.13) (drill 1.42) (layers *.Cu *.Mask))
    (pad S thru_hole rect (at 0 0 180) (size 1.93 1.83) (drill 1.22) (layers *.Cu *.Mask)
      (net 2 GND))
    (pad T thru_hole circle (at 0 -11.4 180) (size 2.13 2.13) (drill 1.43) (layers *.Cu *.Mask)
      (net 32 /MIX_B))
    (model ${KISYS3DMOD}/Connector_Audio.3dshapes/Jack_3.5mm_QingPu_WQP-PJ398SM_Vertical.wrl
      (at (xyz 0 0 0))
      (scale (xyz 1 1 1))
      (rotate (xyz 0 0 0))
    )
  )

  (module Resistor_SMD:R_0805_2012Metric (layer F.Cu) (tedit 5B36C52B) (tstamp 5E3A0DD2)
    (at 102.108 60.96)
    (descr "Resistor SMD 0805 (2012 Metric), square (rectangular) end terminal, IPC_7351 nominal, (Body size source: https://docs.google.com/spreadsheets/d/1BsfQQcO9C6DZCsRaXUlFlo91Tg2WpOkGARC1WS5S8t0/edit?usp=sharing), generated with kicad-footprint-generator")
    (tags resistor)
    (path /5EA7DDD7)
    (attr smd)
    (fp_text reference R117 (at 0 -1.65) (layer F.SilkS)
      (effects (font (size 1 1) (thickness 0.15)))
    )
    (fp_text value 10K (at 0 1.65) (layer F.Fab)
      (effects (font (size 1 1) (thickness 0.15)))
    )
    (fp_text user %R (at 0 0) (layer F.Fab)
      (effects (font (size 0.5 0.5) (thickness 0.08)))
    )
    (fp_line (start 1.68 0.95) (end -1.68 0.95) (layer F.CrtYd) (width 0.05))
    (fp_line (start 1.68 -0.95) (end 1.68 0.95) (layer F.CrtYd) (width 0.05))
    (fp_line (start -1.68 -0.95) (end 1.68 -0.95) (layer F.CrtYd) (width 0.05))
    (fp_line (start -1.68 0.95) (end -1.68 -0.95) (layer F.CrtYd) (width 0.05))
    (fp_line (start -0.258578 0.71) (end 0.258578 0.71) (layer F.SilkS) (width 0.12))
    (fp_line (start -0.258578 -0.71) (end 0.258578 -0.71) (layer F.SilkS) (width 0.12))
    (fp_line (start 1 0.6) (end -1 0.6) (layer F.Fab) (width 0.1))
    (fp_line (start 1 -0.6) (end 1 0.6) (layer F.Fab) (width 0.1))
    (fp_line (start -1 -0.6) (end 1 -0.6) (layer F.Fab) (width 0.1))
    (fp_line (start -1 0.6) (end -1 -0.6) (layer F.Fab) (width 0.1))
    (pad 2 smd roundrect (at 0.9375 0) (size 0.975 1.4) (layers F.Cu F.Paste F.Mask) (roundrect_rratio 0.25)
      (net 12 "Net-(C110-Pad2)"))
    (pad 1 smd roundrect (at -0.9375 0) (size 0.975 1.4) (layers F.Cu F.Paste F.Mask) (roundrect_rratio 0.25)
      (net 36 /MIX_D))
    (model ${KISYS3DMOD}/Resistor_SMD.3dshapes/R_0805_2012Metric.wrl
      (at (xyz 0 0 0))
      (scale (xyz 1 1 1))
      (rotate (xyz 0 0 0))
    )
  )

  (module Resistor_SMD:R_0805_2012Metric (layer F.Cu) (tedit 5B36C52B) (tstamp 5E4729CD)
    (at 104.648 66.04 270)
    (descr "Resistor SMD 0805 (2012 Metric), square (rectangular) end terminal, IPC_7351 nominal, (Body size source: https://docs.google.com/spreadsheets/d/1BsfQQcO9C6DZCsRaXUlFlo91Tg2WpOkGARC1WS5S8t0/edit?usp=sharing), generated with kicad-footprint-generator")
    (tags resistor)
    (path /5E79DFF4)
    (attr smd)
    (fp_text reference R126 (at 0 -1.65 90) (layer F.SilkS)
      (effects (font (size 1 1) (thickness 0.15)))
    )
    (fp_text value 100R (at 0 1.65 90) (layer F.Fab)
      (effects (font (size 1 1) (thickness 0.15)))
    )
    (fp_line (start -1 0.6) (end -1 -0.6) (layer F.Fab) (width 0.1))
    (fp_line (start -1 -0.6) (end 1 -0.6) (layer F.Fab) (width 0.1))
    (fp_line (start 1 -0.6) (end 1 0.6) (layer F.Fab) (width 0.1))
    (fp_line (start 1 0.6) (end -1 0.6) (layer F.Fab) (width 0.1))
    (fp_line (start -0.258578 -0.71) (end 0.258578 -0.71) (layer F.SilkS) (width 0.12))
    (fp_line (start -0.258578 0.71) (end 0.258578 0.71) (layer F.SilkS) (width 0.12))
    (fp_line (start -1.68 0.95) (end -1.68 -0.95) (layer F.CrtYd) (width 0.05))
    (fp_line (start -1.68 -0.95) (end 1.68 -0.95) (layer F.CrtYd) (width 0.05))
    (fp_line (start 1.68 -0.95) (end 1.68 0.95) (layer F.CrtYd) (width 0.05))
    (fp_line (start 1.68 0.95) (end -1.68 0.95) (layer F.CrtYd) (width 0.05))
    (fp_text user %R (at 0 0 90) (layer F.Fab)
      (effects (font (size 0.5 0.5) (thickness 0.08)))
    )
    (pad 1 smd roundrect (at -0.9375 0 270) (size 0.975 1.4) (layers F.Cu F.Paste F.Mask) (roundrect_rratio 0.25)
      (net 51 "Net-(R126-Pad1)"))
    (pad 2 smd roundrect (at 0.9375 0 270) (size 0.975 1.4) (layers F.Cu F.Paste F.Mask) (roundrect_rratio 0.25)
      (net 13 "Net-(C112-Pad1)"))
    (model ${KISYS3DMOD}/Resistor_SMD.3dshapes/R_0805_2012Metric.wrl
      (at (xyz 0 0 0))
      (scale (xyz 1 1 1))
      (rotate (xyz 0 0 0))
    )
  )

  (module Connector_Audio:Jack_3.5mm_QingPu_WQP-PJ398SM_Vertical_CircularHoles (layer B.Cu) (tedit 5C2B6BB2) (tstamp 5E3A0B61)
    (at 102.108 112.776)
    (descr "TRS 3.5mm, vertical, Thonkiconn, PCB mount, (http://www.qingpu-electronics.com/en/products/WQP-PJ398SM-362.html)")
    (tags "WQP-PJ398SM WQP-PJ301M-12 TRS 3.5mm mono vertical jack thonkiconn qingpu")
    (path /5E3CE5AA)
    (fp_text reference J106 (at -4.03 -1.08 -180) (layer B.SilkS)
      (effects (font (size 1 1) (thickness 0.15)) (justify mirror))
    )
    (fp_text value AudioJack2 (at 0 -5 -180) (layer B.Fab)
      (effects (font (size 1 1) (thickness 0.15)) (justify mirror))
    )
    (fp_line (start 0 0) (end 0 -2.03) (layer B.Fab) (width 0.1))
    (fp_circle (center 0 -6.48) (end 1.8 -6.48) (layer B.Fab) (width 0.1))
    (fp_line (start 4.5 -2.03) (end -4.5 -2.03) (layer B.Fab) (width 0.1))
    (fp_line (start 5 1.42) (end -5 1.42) (layer B.CrtYd) (width 0.05))
    (fp_line (start 5 -12.98) (end -5 -12.98) (layer B.CrtYd) (width 0.05))
    (fp_line (start 5 -12.98) (end 5 1.42) (layer B.CrtYd) (width 0.05))
    (fp_line (start 4.5 -12.48) (end -4.5 -12.48) (layer B.Fab) (width 0.1))
    (fp_line (start 4.5 -12.48) (end 4.5 -2.08) (layer B.Fab) (width 0.1))
    (fp_line (start -1.06 1) (end -0.2 1) (layer B.SilkS) (width 0.12))
    (fp_line (start -1.06 1) (end -1.06 0.2) (layer B.SilkS) (width 0.12))
    (fp_circle (center 0 -6.48) (end 1.8 -6.48) (layer B.SilkS) (width 0.12))
    (fp_line (start -0.35 -1.98) (end -4.5 -1.98) (layer B.SilkS) (width 0.12))
    (fp_line (start 4.5 -1.98) (end 0.35 -1.98) (layer B.SilkS) (width 0.12))
    (fp_line (start -0.5 -12.48) (end -4.5 -12.48) (layer B.SilkS) (width 0.12))
    (fp_line (start 4.5 -12.48) (end 0.5 -12.48) (layer B.SilkS) (width 0.12))
    (fp_line (start -1.41 -6.02) (end -0.46 -5.07) (layer Dwgs.User) (width 0.12))
    (fp_line (start -1.42 -6.875) (end 0.4 -5.06) (layer Dwgs.User) (width 0.12))
    (fp_line (start -1.07 -7.49) (end 1.01 -5.41) (layer Dwgs.User) (width 0.12))
    (fp_line (start -0.58 -7.83) (end 1.36 -5.89) (layer Dwgs.User) (width 0.12))
    (fp_line (start 0.09 -7.96) (end 1.48 -6.57) (layer Dwgs.User) (width 0.12))
    (fp_circle (center 0 -6.48) (end 1.5 -6.48) (layer Dwgs.User) (width 0.12))
    (fp_line (start 4.5 -1.98) (end 4.5 -12.48) (layer B.SilkS) (width 0.12))
    (fp_line (start -4.5 -1.98) (end -4.5 -12.48) (layer B.SilkS) (width 0.12))
    (fp_text user %R (at 0 -8 -180) (layer B.Fab)
      (effects (font (size 1 1) (thickness 0.15)) (justify mirror))
    )
    (fp_line (start -4.5 -12.48) (end -4.5 -2.08) (layer B.Fab) (width 0.1))
    (fp_line (start -5 -12.98) (end -5 1.42) (layer B.CrtYd) (width 0.05))
    (fp_text user KEEPOUT (at 0 -6.48) (layer Cmts.User)
      (effects (font (size 0.4 0.4) (thickness 0.051)))
    )
    (pad T thru_hole circle (at 0 -11.4 180) (size 2.13 2.13) (drill 1.43) (layers *.Cu *.Mask)
      (net 25 "Net-(D106-Pad2)"))
    (pad S thru_hole rect (at 0 0 180) (size 1.93 1.83) (drill 1.22) (layers *.Cu *.Mask)
      (net 2 GND))
    (pad TN thru_hole circle (at 0 -3.1 180) (size 2.13 2.13) (drill 1.42) (layers *.Cu *.Mask))
    (model ${KISYS3DMOD}/Connector_Audio.3dshapes/Jack_3.5mm_QingPu_WQP-PJ398SM_Vertical.wrl
      (at (xyz 0 0 0))
      (scale (xyz 1 1 1))
      (rotate (xyz 0 0 0))
    )
  )

  (module Resistor_SMD:R_0805_2012Metric (layer F.Cu) (tedit 5B36C52B) (tstamp 5E3A0D4A)
    (at 98.044 105.156 180)
    (descr "Resistor SMD 0805 (2012 Metric), square (rectangular) end terminal, IPC_7351 nominal, (Body size source: https://docs.google.com/spreadsheets/d/1BsfQQcO9C6DZCsRaXUlFlo91Tg2WpOkGARC1WS5S8t0/edit?usp=sharing), generated with kicad-footprint-generator")
    (tags resistor)
    (path /5E3D2B71)
    (attr smd)
    (fp_text reference R109 (at 0 -1.65) (layer F.SilkS)
      (effects (font (size 1 1) (thickness 0.15)))
    )
    (fp_text value 1K (at 0 1.65) (layer F.Fab)
      (effects (font (size 1 1) (thickness 0.15)))
    )
    (fp_line (start -1 0.6) (end -1 -0.6) (layer F.Fab) (width 0.1))
    (fp_line (start -1 -0.6) (end 1 -0.6) (layer F.Fab) (width 0.1))
    (fp_line (start 1 -0.6) (end 1 0.6) (layer F.Fab) (width 0.1))
    (fp_line (start 1 0.6) (end -1 0.6) (layer F.Fab) (width 0.1))
    (fp_line (start -0.258578 -0.71) (end 0.258578 -0.71) (layer F.SilkS) (width 0.12))
    (fp_line (start -0.258578 0.71) (end 0.258578 0.71) (layer F.SilkS) (width 0.12))
    (fp_line (start -1.68 0.95) (end -1.68 -0.95) (layer F.CrtYd) (width 0.05))
    (fp_line (start -1.68 -0.95) (end 1.68 -0.95) (layer F.CrtYd) (width 0.05))
    (fp_line (start 1.68 -0.95) (end 1.68 0.95) (layer F.CrtYd) (width 0.05))
    (fp_line (start 1.68 0.95) (end -1.68 0.95) (layer F.CrtYd) (width 0.05))
    (fp_text user %R (at 0 0) (layer F.Fab)
      (effects (font (size 0.5 0.5) (thickness 0.08)))
    )
    (pad 1 smd roundrect (at -0.9375 0 180) (size 0.975 1.4) (layers F.Cu F.Paste F.Mask) (roundrect_rratio 0.25)
      (net 7 "Net-(C106-Pad1)"))
    (pad 2 smd roundrect (at 0.9375 0 180) (size 0.975 1.4) (layers F.Cu F.Paste F.Mask) (roundrect_rratio 0.25)
      (net 24 "Net-(D106-Pad1)"))
    (model ${KISYS3DMOD}/Resistor_SMD.3dshapes/R_0805_2012Metric.wrl
      (at (xyz 0 0 0))
      (scale (xyz 1 1 1))
      (rotate (xyz 0 0 0))
    )
  )

  (module Capacitor_SMD:CP_Elec_5x5.4 (layer F.Cu) (tedit 5BCA39CF) (tstamp 5E46B947)
    (at 109.728 119.38 270)
    (descr "SMD capacitor, aluminum electrolytic, Nichicon, 5.0x5.4mm")
    (tags "capacitor electrolytic")
    (path /5E42ACE4)
    (attr smd)
    (fp_text reference C108 (at 0 -3.7 90) (layer F.SilkS)
      (effects (font (size 1 1) (thickness 0.15)))
    )
    (fp_text value 10uF (at 0 3.7 90) (layer F.Fab)
      (effects (font (size 1 1) (thickness 0.15)))
    )
    (fp_circle (center 0 0) (end 2.5 0) (layer F.Fab) (width 0.1))
    (fp_line (start 2.65 -2.65) (end 2.65 2.65) (layer F.Fab) (width 0.1))
    (fp_line (start -1.65 -2.65) (end 2.65 -2.65) (layer F.Fab) (width 0.1))
    (fp_line (start -1.65 2.65) (end 2.65 2.65) (layer F.Fab) (width 0.1))
    (fp_line (start -2.65 -1.65) (end -2.65 1.65) (layer F.Fab) (width 0.1))
    (fp_line (start -2.65 -1.65) (end -1.65 -2.65) (layer F.Fab) (width 0.1))
    (fp_line (start -2.65 1.65) (end -1.65 2.65) (layer F.Fab) (width 0.1))
    (fp_line (start -2.033956 -1.2) (end -1.533956 -1.2) (layer F.Fab) (width 0.1))
    (fp_line (start -1.783956 -1.45) (end -1.783956 -0.95) (layer F.Fab) (width 0.1))
    (fp_line (start 2.76 2.76) (end 2.76 1.06) (layer F.SilkS) (width 0.12))
    (fp_line (start 2.76 -2.76) (end 2.76 -1.06) (layer F.SilkS) (width 0.12))
    (fp_line (start -1.695563 -2.76) (end 2.76 -2.76) (layer F.SilkS) (width 0.12))
    (fp_line (start -1.695563 2.76) (end 2.76 2.76) (layer F.SilkS) (width 0.12))
    (fp_line (start -2.76 1.695563) (end -2.76 1.06) (layer F.SilkS) (width 0.12))
    (fp_line (start -2.76 -1.695563) (end -2.76 -1.06) (layer F.SilkS) (width 0.12))
    (fp_line (start -2.76 -1.695563) (end -1.695563 -2.76) (layer F.SilkS) (width 0.12))
    (fp_line (start -2.76 1.695563) (end -1.695563 2.76) (layer F.SilkS) (width 0.12))
    (fp_line (start -3.625 -1.685) (end -3 -1.685) (layer F.SilkS) (width 0.12))
    (fp_line (start -3.3125 -1.9975) (end -3.3125 -1.3725) (layer F.SilkS) (width 0.12))
    (fp_line (start 2.9 -2.9) (end 2.9 -1.05) (layer F.CrtYd) (width 0.05))
    (fp_line (start 2.9 -1.05) (end 3.95 -1.05) (layer F.CrtYd) (width 0.05))
    (fp_line (start 3.95 -1.05) (end 3.95 1.05) (layer F.CrtYd) (width 0.05))
    (fp_line (start 3.95 1.05) (end 2.9 1.05) (layer F.CrtYd) (width 0.05))
    (fp_line (start 2.9 1.05) (end 2.9 2.9) (layer F.CrtYd) (width 0.05))
    (fp_line (start -1.75 2.9) (end 2.9 2.9) (layer F.CrtYd) (width 0.05))
    (fp_line (start -1.75 -2.9) (end 2.9 -2.9) (layer F.CrtYd) (width 0.05))
    (fp_line (start -2.9 1.75) (end -1.75 2.9) (layer F.CrtYd) (width 0.05))
    (fp_line (start -2.9 -1.75) (end -1.75 -2.9) (layer F.CrtYd) (width 0.05))
    (fp_line (start -2.9 -1.75) (end -2.9 -1.05) (layer F.CrtYd) (width 0.05))
    (fp_line (start -2.9 1.05) (end -2.9 1.75) (layer F.CrtYd) (width 0.05))
    (fp_line (start -2.9 -1.05) (end -3.95 -1.05) (layer F.CrtYd) (width 0.05))
    (fp_line (start -3.95 -1.05) (end -3.95 1.05) (layer F.CrtYd) (width 0.05))
    (fp_line (start -3.95 1.05) (end -2.9 1.05) (layer F.CrtYd) (width 0.05))
    (fp_text user %R (at 0 0 90) (layer F.Fab)
      (effects (font (size 1 1) (thickness 0.15)))
    )
    (pad 1 smd roundrect (at -2.2 0 270) (size 3 1.6) (layers F.Cu F.Paste F.Mask) (roundrect_rratio 0.15625)
      (net 8 +12V))
    (pad 2 smd roundrect (at 2.2 0 270) (size 3 1.6) (layers F.Cu F.Paste F.Mask) (roundrect_rratio 0.15625)
      (net 2 GND))
    (model ${KISYS3DMOD}/Capacitor_SMD.3dshapes/CP_Elec_5x5.4.wrl
      (at (xyz 0 0 0))
      (scale (xyz 1 1 1))
      (rotate (xyz 0 0 0))
    )
  )

  (module Connector_Audio:Jack_3.5mm_QingPu_WQP-PJ398SM_Vertical_CircularHoles (layer B.Cu) (tedit 5C2B6BB2) (tstamp 5E3A0B1D)
    (at 117.348 112.776)
    (descr "TRS 3.5mm, vertical, Thonkiconn, PCB mount, (http://www.qingpu-electronics.com/en/products/WQP-PJ398SM-362.html)")
    (tags "WQP-PJ398SM WQP-PJ301M-12 TRS 3.5mm mono vertical jack thonkiconn qingpu")
    (path /5E3E81A1)
    (fp_text reference J104 (at -4.03 -1.08 -180) (layer B.SilkS)
      (effects (font (size 1 1) (thickness 0.15)) (justify mirror))
    )
    (fp_text value AudioJack2 (at 0 -5 -180) (layer B.Fab)
      (effects (font (size 1 1) (thickness 0.15)) (justify mirror))
    )
    (fp_line (start 0 0) (end 0 -2.03) (layer B.Fab) (width 0.1))
    (fp_circle (center 0 -6.48) (end 1.8 -6.48) (layer B.Fab) (width 0.1))
    (fp_line (start 4.5 -2.03) (end -4.5 -2.03) (layer B.Fab) (width 0.1))
    (fp_line (start 5 1.42) (end -5 1.42) (layer B.CrtYd) (width 0.05))
    (fp_line (start 5 -12.98) (end -5 -12.98) (layer B.CrtYd) (width 0.05))
    (fp_line (start 5 -12.98) (end 5 1.42) (layer B.CrtYd) (width 0.05))
    (fp_line (start 4.5 -12.48) (end -4.5 -12.48) (layer B.Fab) (width 0.1))
    (fp_line (start 4.5 -12.48) (end 4.5 -2.08) (layer B.Fab) (width 0.1))
    (fp_line (start -1.06 1) (end -0.2 1) (layer B.SilkS) (width 0.12))
    (fp_line (start -1.06 1) (end -1.06 0.2) (layer B.SilkS) (width 0.12))
    (fp_circle (center 0 -6.48) (end 1.8 -6.48) (layer B.SilkS) (width 0.12))
    (fp_line (start -0.35 -1.98) (end -4.5 -1.98) (layer B.SilkS) (width 0.12))
    (fp_line (start 4.5 -1.98) (end 0.35 -1.98) (layer B.SilkS) (width 0.12))
    (fp_line (start -0.5 -12.48) (end -4.5 -12.48) (layer B.SilkS) (width 0.12))
    (fp_line (start 4.5 -12.48) (end 0.5 -12.48) (layer B.SilkS) (width 0.12))
    (fp_line (start -1.41 -6.02) (end -0.46 -5.07) (layer Dwgs.User) (width 0.12))
    (fp_line (start -1.42 -6.875) (end 0.4 -5.06) (layer Dwgs.User) (width 0.12))
    (fp_line (start -1.07 -7.49) (end 1.01 -5.41) (layer Dwgs.User) (width 0.12))
    (fp_line (start -0.58 -7.83) (end 1.36 -5.89) (layer Dwgs.User) (width 0.12))
    (fp_line (start 0.09 -7.96) (end 1.48 -6.57) (layer Dwgs.User) (width 0.12))
    (fp_circle (center 0 -6.48) (end 1.5 -6.48) (layer Dwgs.User) (width 0.12))
    (fp_line (start 4.5 -1.98) (end 4.5 -12.48) (layer B.SilkS) (width 0.12))
    (fp_line (start -4.5 -1.98) (end -4.5 -12.48) (layer B.SilkS) (width 0.12))
    (fp_text user %R (at 0 -8 -180) (layer B.Fab)
      (effects (font (size 1 1) (thickness 0.15)) (justify mirror))
    )
    (fp_line (start -4.5 -12.48) (end -4.5 -2.08) (layer B.Fab) (width 0.1))
    (fp_line (start -5 -12.98) (end -5 1.42) (layer B.CrtYd) (width 0.05))
    (fp_text user KEEPOUT (at 0 -6.48) (layer Cmts.User)
      (effects (font (size 0.4 0.4) (thickness 0.051)))
    )
    (pad T thru_hole circle (at 0 -11.4 180) (size 2.13 2.13) (drill 1.43) (layers *.Cu *.Mask)
      (net 21 "Net-(D104-Pad2)"))
    (pad S thru_hole rect (at 0 0 180) (size 1.93 1.83) (drill 1.22) (layers *.Cu *.Mask)
      (net 2 GND))
    (pad TN thru_hole circle (at 0 -3.1 180) (size 2.13 2.13) (drill 1.42) (layers *.Cu *.Mask))
    (model ${KISYS3DMOD}/Connector_Audio.3dshapes/Jack_3.5mm_QingPu_WQP-PJ398SM_Vertical.wrl
      (at (xyz 0 0 0))
      (scale (xyz 1 1 1))
      (rotate (xyz 0 0 0))
    )
  )

  (module Potentiometer_THT:Potentiometer_Alpha_RD901F-40-00D_Single_Vertical_CircularHoles (layer B.Cu) (tedit 5C6C6C48) (tstamp 5E3A0F2A)
    (at 90.932 58.42 90)
    (descr "Potentiometer, vertical, 9mm, single, http://www.taiwanalpha.com.tw/downloads?target=products&id=113")
    (tags "potentiometer vertical 9mm single")
    (path /5E3DDCC7)
    (fp_text reference RV105 (at 10.668 -2.54) (layer B.SilkS)
      (effects (font (size 1 1) (thickness 0.15)) (justify mirror))
    )
    (fp_text value B100K (at 0 -10.11 -90) (layer B.Fab)
      (effects (font (size 1 1) (thickness 0.15)) (justify mirror))
    )
    (fp_text user %R (at 7.62 -2.54 90) (layer B.Fab)
      (effects (font (size 1 1) (thickness 0.15)) (justify mirror))
    )
    (fp_line (start -1.15 -9.17) (end 12.6 -9.17) (layer B.CrtYd) (width 0.05))
    (fp_line (start -1.15 4.17) (end -1.15 -9.17) (layer B.CrtYd) (width 0.05))
    (fp_line (start 12.6 4.17) (end -1.15 4.17) (layer B.CrtYd) (width 0.05))
    (fp_line (start 12.6 -9.17) (end 12.6 4.17) (layer B.CrtYd) (width 0.05))
    (fp_line (start 12.47 -7.37) (end 12.47 2.37) (layer B.SilkS) (width 0.12))
    (fp_line (start 0.88 -7.37) (end 0.88 -5.88) (layer B.SilkS) (width 0.12))
    (fp_line (start 9.41 -7.37) (end 12.47 -7.37) (layer B.SilkS) (width 0.12))
    (fp_line (start 0.88 2.38) (end 5.6 2.38) (layer B.SilkS) (width 0.12))
    (fp_circle (center 7.5 -2.5) (end 7.5 1) (layer B.Fab) (width 0.1))
    (fp_line (start 1 -7.25) (end 1 2.25) (layer B.Fab) (width 0.1))
    (fp_line (start 12.35 -7.25) (end 12.35 2.25) (layer B.Fab) (width 0.1))
    (fp_line (start 1 2.25) (end 12.35 2.25) (layer B.Fab) (width 0.1))
    (fp_line (start 1 -7.25) (end 12.35 -7.25) (layer B.Fab) (width 0.1))
    (fp_line (start 9.41 2.37) (end 12.47 2.37) (layer B.SilkS) (width 0.12))
    (fp_line (start 0.88 -7.37) (end 5.6 -7.37) (layer B.SilkS) (width 0.12))
    (fp_line (start 0.88 1.19) (end 0.88 2.37) (layer B.SilkS) (width 0.12))
    (fp_line (start 0.88 -1.71) (end 0.88 -1.18) (layer B.SilkS) (width 0.12))
    (fp_line (start 0.88 -4.16) (end 0.88 -3.33) (layer B.SilkS) (width 0.12))
    (pad 1 thru_hole rect (at 0 0) (size 1.8 1.8) (drill 1) (layers *.Cu *.Mask)
      (net 6 "Net-(C105-Pad1)"))
    (pad 2 thru_hole circle (at 0 -2.5) (size 1.8 1.8) (drill 1) (layers *.Cu *.Mask)
      (net 35 /MIX_E))
    (pad 3 thru_hole circle (at 0 -5) (size 1.8 1.8) (drill 1) (layers *.Cu *.Mask)
      (net 35 /MIX_E))
    (pad "" thru_hole circle (at 7.5 -7.3) (size 3.24 3.24) (drill 1.8) (layers *.Cu *.Mask))
    (pad "" thru_hole circle (at 7.5 2.3) (size 3.24 3.24) (drill 1.8) (layers *.Cu *.Mask))
    (model ${KISYS3DMOD}/Potentiometer_THT.3dshapes/Potentiometer_Alpha_RD901F-40-00D_Single_Vertical.wrl
      (at (xyz 0 0 0))
      (scale (xyz 1 1 1))
      (rotate (xyz 0 0 0))
    )
  )

  (module Potentiometer_THT:Potentiometer_Alpha_RD901F-40-00D_Single_Vertical_CircularHoles (layer B.Cu) (tedit 5C6C6C48) (tstamp 5E3A0F0E)
    (at 118.364 58.42 90)
    (descr "Potentiometer, vertical, 9mm, single, http://www.taiwanalpha.com.tw/downloads?target=products&id=113")
    (tags "potentiometer vertical 9mm single")
    (path /5E3E816C)
    (fp_text reference RV104 (at 11.176 -2.54) (layer B.SilkS)
      (effects (font (size 1 1) (thickness 0.15)) (justify mirror))
    )
    (fp_text value B100K (at 0 -10.11 -90) (layer B.Fab)
      (effects (font (size 1 1) (thickness 0.15)) (justify mirror))
    )
    (fp_line (start 0.88 -4.16) (end 0.88 -3.33) (layer B.SilkS) (width 0.12))
    (fp_line (start 0.88 -1.71) (end 0.88 -1.18) (layer B.SilkS) (width 0.12))
    (fp_line (start 0.88 1.19) (end 0.88 2.37) (layer B.SilkS) (width 0.12))
    (fp_line (start 0.88 -7.37) (end 5.6 -7.37) (layer B.SilkS) (width 0.12))
    (fp_line (start 9.41 2.37) (end 12.47 2.37) (layer B.SilkS) (width 0.12))
    (fp_line (start 1 -7.25) (end 12.35 -7.25) (layer B.Fab) (width 0.1))
    (fp_line (start 1 2.25) (end 12.35 2.25) (layer B.Fab) (width 0.1))
    (fp_line (start 12.35 -7.25) (end 12.35 2.25) (layer B.Fab) (width 0.1))
    (fp_line (start 1 -7.25) (end 1 2.25) (layer B.Fab) (width 0.1))
    (fp_circle (center 7.5 -2.5) (end 7.5 1) (layer B.Fab) (width 0.1))
    (fp_line (start 0.88 2.38) (end 5.6 2.38) (layer B.SilkS) (width 0.12))
    (fp_line (start 9.41 -7.37) (end 12.47 -7.37) (layer B.SilkS) (width 0.12))
    (fp_line (start 0.88 -7.37) (end 0.88 -5.88) (layer B.SilkS) (width 0.12))
    (fp_line (start 12.47 -7.37) (end 12.47 2.37) (layer B.SilkS) (width 0.12))
    (fp_line (start 12.6 -9.17) (end 12.6 4.17) (layer B.CrtYd) (width 0.05))
    (fp_line (start 12.6 4.17) (end -1.15 4.17) (layer B.CrtYd) (width 0.05))
    (fp_line (start -1.15 4.17) (end -1.15 -9.17) (layer B.CrtYd) (width 0.05))
    (fp_line (start -1.15 -9.17) (end 12.6 -9.17) (layer B.CrtYd) (width 0.05))
    (fp_text user %R (at 7.62 -2.54 90) (layer B.Fab)
      (effects (font (size 1 1) (thickness 0.15)) (justify mirror))
    )
    (pad "" thru_hole circle (at 7.5 2.3) (size 3.24 3.24) (drill 1.8) (layers *.Cu *.Mask))
    (pad "" thru_hole circle (at 7.5 -7.3) (size 3.24 3.24) (drill 1.8) (layers *.Cu *.Mask))
    (pad 3 thru_hole circle (at 0 -5) (size 1.8 1.8) (drill 1) (layers *.Cu *.Mask)
      (net 34 /MIX_F))
    (pad 2 thru_hole circle (at 0 -2.5) (size 1.8 1.8) (drill 1) (layers *.Cu *.Mask)
      (net 34 /MIX_F))
    (pad 1 thru_hole rect (at 0 0) (size 1.8 1.8) (drill 1) (layers *.Cu *.Mask)
      (net 5 "Net-(C104-Pad1)"))
    (model ${KISYS3DMOD}/Potentiometer_THT.3dshapes/Potentiometer_Alpha_RD901F-40-00D_Single_Vertical.wrl
      (at (xyz 0 0 0))
      (scale (xyz 1 1 1))
      (rotate (xyz 0 0 0))
    )
  )

  (module Connector_Audio:Jack_3.5mm_QingPu_WQP-PJ398SM_Vertical_CircularHoles (layer B.Cu) (tedit 5C2B6BB2) (tstamp 5E3A0AFB)
    (at 86.868 97.536)
    (descr "TRS 3.5mm, vertical, Thonkiconn, PCB mount, (http://www.qingpu-electronics.com/en/products/WQP-PJ398SM-362.html)")
    (tags "WQP-PJ398SM WQP-PJ301M-12 TRS 3.5mm mono vertical jack thonkiconn qingpu")
    (path /5E3ADFAB)
    (fp_text reference J103 (at -4.03 -1.08 -180) (layer B.SilkS)
      (effects (font (size 1 1) (thickness 0.15)) (justify mirror))
    )
    (fp_text value AudioJack2 (at 0 -5 -180) (layer B.Fab)
      (effects (font (size 1 1) (thickness 0.15)) (justify mirror))
    )
    (fp_text user KEEPOUT (at 0 -6.48) (layer Cmts.User)
      (effects (font (size 0.4 0.4) (thickness 0.051)))
    )
    (fp_line (start -5 -12.98) (end -5 1.42) (layer B.CrtYd) (width 0.05))
    (fp_line (start -4.5 -12.48) (end -4.5 -2.08) (layer B.Fab) (width 0.1))
    (fp_text user %R (at 0 -8 -180) (layer B.Fab)
      (effects (font (size 1 1) (thickness 0.15)) (justify mirror))
    )
    (fp_line (start -4.5 -1.98) (end -4.5 -12.48) (layer B.SilkS) (width 0.12))
    (fp_line (start 4.5 -1.98) (end 4.5 -12.48) (layer B.SilkS) (width 0.12))
    (fp_circle (center 0 -6.48) (end 1.5 -6.48) (layer Dwgs.User) (width 0.12))
    (fp_line (start 0.09 -7.96) (end 1.48 -6.57) (layer Dwgs.User) (width 0.12))
    (fp_line (start -0.58 -7.83) (end 1.36 -5.89) (layer Dwgs.User) (width 0.12))
    (fp_line (start -1.07 -7.49) (end 1.01 -5.41) (layer Dwgs.User) (width 0.12))
    (fp_line (start -1.42 -6.875) (end 0.4 -5.06) (layer Dwgs.User) (width 0.12))
    (fp_line (start -1.41 -6.02) (end -0.46 -5.07) (layer Dwgs.User) (width 0.12))
    (fp_line (start 4.5 -12.48) (end 0.5 -12.48) (layer B.SilkS) (width 0.12))
    (fp_line (start -0.5 -12.48) (end -4.5 -12.48) (layer B.SilkS) (width 0.12))
    (fp_line (start 4.5 -1.98) (end 0.35 -1.98) (layer B.SilkS) (width 0.12))
    (fp_line (start -0.35 -1.98) (end -4.5 -1.98) (layer B.SilkS) (width 0.12))
    (fp_circle (center 0 -6.48) (end 1.8 -6.48) (layer B.SilkS) (width 0.12))
    (fp_line (start -1.06 1) (end -1.06 0.2) (layer B.SilkS) (width 0.12))
    (fp_line (start -1.06 1) (end -0.2 1) (layer B.SilkS) (width 0.12))
    (fp_line (start 4.5 -12.48) (end 4.5 -2.08) (layer B.Fab) (width 0.1))
    (fp_line (start 4.5 -12.48) (end -4.5 -12.48) (layer B.Fab) (width 0.1))
    (fp_line (start 5 -12.98) (end 5 1.42) (layer B.CrtYd) (width 0.05))
    (fp_line (start 5 -12.98) (end -5 -12.98) (layer B.CrtYd) (width 0.05))
    (fp_line (start 5 1.42) (end -5 1.42) (layer B.CrtYd) (width 0.05))
    (fp_line (start 4.5 -2.03) (end -4.5 -2.03) (layer B.Fab) (width 0.1))
    (fp_circle (center 0 -6.48) (end 1.8 -6.48) (layer B.Fab) (width 0.1))
    (fp_line (start 0 0) (end 0 -2.03) (layer B.Fab) (width 0.1))
    (pad TN thru_hole circle (at 0 -3.1 180) (size 2.13 2.13) (drill 1.42) (layers *.Cu *.Mask))
    (pad S thru_hole rect (at 0 0 180) (size 1.93 1.83) (drill 1.22) (layers *.Cu *.Mask)
      (net 2 GND))
    (pad T thru_hole circle (at 0 -11.4 180) (size 2.13 2.13) (drill 1.43) (layers *.Cu *.Mask)
      (net 33 /MIX_C))
    (model ${KISYS3DMOD}/Connector_Audio.3dshapes/Jack_3.5mm_QingPu_WQP-PJ398SM_Vertical.wrl
      (at (xyz 0 0 0))
      (scale (xyz 1 1 1))
      (rotate (xyz 0 0 0))
    )
  )

  (module Potentiometer_THT:Potentiometer_Alpha_RD901F-40-00D_Single_Vertical_CircularHoles (layer B.Cu) (tedit 5C6C6C48) (tstamp 5E3A0EBA)
    (at 118.364 37.592 90)
    (descr "Potentiometer, vertical, 9mm, single, http://www.taiwanalpha.com.tw/downloads?target=products&id=113")
    (tags "potentiometer vertical 9mm single")
    (path /5E390F29)
    (fp_text reference RV101 (at 6.45 4.8 -90) (layer B.SilkS)
      (effects (font (size 1 1) (thickness 0.15)) (justify mirror))
    )
    (fp_text value B100K (at 0 -10.11 -90) (layer B.Fab)
      (effects (font (size 1 1) (thickness 0.15)) (justify mirror))
    )
    (fp_text user %R (at 7.62 -2.54 90) (layer B.Fab)
      (effects (font (size 1 1) (thickness 0.15)) (justify mirror))
    )
    (fp_line (start -1.15 -9.17) (end 12.6 -9.17) (layer B.CrtYd) (width 0.05))
    (fp_line (start -1.15 4.17) (end -1.15 -9.17) (layer B.CrtYd) (width 0.05))
    (fp_line (start 12.6 4.17) (end -1.15 4.17) (layer B.CrtYd) (width 0.05))
    (fp_line (start 12.6 -9.17) (end 12.6 4.17) (layer B.CrtYd) (width 0.05))
    (fp_line (start 12.47 -7.37) (end 12.47 2.37) (layer B.SilkS) (width 0.12))
    (fp_line (start 0.88 -7.37) (end 0.88 -5.88) (layer B.SilkS) (width 0.12))
    (fp_line (start 9.41 -7.37) (end 12.47 -7.37) (layer B.SilkS) (width 0.12))
    (fp_line (start 0.88 2.38) (end 5.6 2.38) (layer B.SilkS) (width 0.12))
    (fp_circle (center 7.5 -2.5) (end 7.5 1) (layer B.Fab) (width 0.1))
    (fp_line (start 1 -7.25) (end 1 2.25) (layer B.Fab) (width 0.1))
    (fp_line (start 12.35 -7.25) (end 12.35 2.25) (layer B.Fab) (width 0.1))
    (fp_line (start 1 2.25) (end 12.35 2.25) (layer B.Fab) (width 0.1))
    (fp_line (start 1 -7.25) (end 12.35 -7.25) (layer B.Fab) (width 0.1))
    (fp_line (start 9.41 2.37) (end 12.47 2.37) (layer B.SilkS) (width 0.12))
    (fp_line (start 0.88 -7.37) (end 5.6 -7.37) (layer B.SilkS) (width 0.12))
    (fp_line (start 0.88 1.19) (end 0.88 2.37) (layer B.SilkS) (width 0.12))
    (fp_line (start 0.88 -1.71) (end 0.88 -1.18) (layer B.SilkS) (width 0.12))
    (fp_line (start 0.88 -4.16) (end 0.88 -3.33) (layer B.SilkS) (width 0.12))
    (pad 1 thru_hole rect (at 0 0) (size 1.8 1.8) (drill 1) (layers *.Cu *.Mask)
      (net 1 "Net-(C101-Pad1)"))
    (pad 2 thru_hole circle (at 0 -2.5) (size 1.8 1.8) (drill 1) (layers *.Cu *.Mask)
      (net 31 /MIX_A))
    (pad 3 thru_hole circle (at 0 -5) (size 1.8 1.8) (drill 1) (layers *.Cu *.Mask)
      (net 31 /MIX_A))
    (pad "" thru_hole circle (at 7.5 -7.3) (size 3.24 3.24) (drill 1.8) (layers *.Cu *.Mask))
    (pad "" thru_hole circle (at 7.5 2.3) (size 3.24 3.24) (drill 1.8) (layers *.Cu *.Mask))
