(kicad_pcb (version 20171130) (host pcbnew "(5.1.2-1)-1")

  (general
    (thickness 1.6)
    (drawings 53)
    (tracks 240)
    (zones 0)
    (modules 33)
    (nets 26)
  )

  (page A4)
  (layers
    (0 F.Cu signal)
    (31 B.Cu signal)
    (32 B.Adhes user hide)
    (33 F.Adhes user hide)
    (34 B.Paste user hide)
    (35 F.Paste user hide)
    (36 B.SilkS user hide)
    (37 F.SilkS user)
    (38 B.Mask user hide)
    (39 F.Mask user hide)
    (40 Dwgs.User user hide)
    (41 Cmts.User user hide)
    (42 Eco1.User user hide)
    (43 Eco2.User user hide)
    (44 Edge.Cuts user)
    (45 Margin user hide)
    (46 B.CrtYd user hide)
    (47 F.CrtYd user)
    (48 B.Fab user hide)
    (49 F.Fab user hide)
  )

  (setup
    (last_trace_width 0.25)
    (trace_clearance 0.2)
    (zone_clearance 0.508)
    (zone_45_only no)
    (trace_min 0.127)
    (via_size 0.8)
    (via_drill 0.4)
    (via_min_size 0.45)
    (via_min_drill 0.3)
    (uvia_size 0.3)
    (uvia_drill 0.1)
    (uvias_allowed no)
    (uvia_min_size 0.2)
    (uvia_min_drill 0.1)
    (edge_width 0.05)
    (segment_width 0.2)
    (pcb_text_width 0.3)
    (pcb_text_size 1.5 1.5)
    (mod_edge_width 0.12)
    (mod_text_size 1 1)
    (mod_text_width 0.15)
    (pad_size 1.15 1.4)
    (pad_drill 0)
    (pad_to_mask_clearance 0.051)
    (solder_mask_min_width 0.25)
    (aux_axis_origin 0 0)
    (visible_elements FFFFFF7F)
    (pcbplotparams
      (layerselection 0x010fc_ffffffff)
      (usegerberextensions false)
      (usegerberattributes false)
      (usegerberadvancedattributes false)
      (creategerberjobfile false)
      (excludeedgelayer true)
      (linewidth 0.100000)
      (plotframeref false)
      (viasonmask false)
      (mode 1)
      (useauxorigin false)
      (hpglpennumber 1)
      (hpglpenspeed 20)
      (hpglpendiameter 15.000000)
      (psnegative false)
      (psa4output false)
      (plotreference true)
      (plotvalue true)
      (plotinvisibletext false)
      (padsonsilk false)
      (subtractmaskfromsilk true)
      (outputformat 1)
      (mirror false)
      (drillshape 0)
      (scaleselection 1)
      (outputdirectory "version1_gerbers/"))
  )

  (net 0 "")
  (net 1 VCC)
  (net 2 GND)
  (net 3 VEE)
  (net 4 "Net-(R1-Pad2)")
  (net 5 "Net-(R2-Pad2)")
  (net 6 "Net-(R3-Pad2)")
  (net 7 "Net-(R4-Pad2)")
  (net 8 "Net-(R5-Pad2)")
  (net 9 "Net-(R6-Pad2)")
  (net 10 "Net-(R7-Pad2)")
  (net 11 "Net-(R8-Pad2)")
  (net 12 /A1Out)
  (net 13 /A2Out)
  (net 14 /A3Out)
  (net 15 /A4Out)
  (net 16 /B1Out)
  (net 17 /B2Out)
  (net 18 /B3Out)
  (net 19 /B4Out)
  (net 20 /AIn)
  (net 21 /BIn)
  (net 22 -12V)
  (net 23 "Net-(D3-Pad1)")
  (net 24 "Net-(D4-Pad2)")
  (net 25 +12V)

  (net_class Default "This is the default net class."
    (clearance 0.2)
    (trace_width 0.25)
    (via_dia 0.8)
    (via_drill 0.4)
    (uvia_dia 0.3)
    (uvia_drill 0.1)
    (add_net +12V)
    (add_net -12V)
    (add_net "Net-(D3-Pad1)")
    (add_net "Net-(D4-Pad2)")
  )

  (net_class PWR ""
    (clearance 0.127)
    (trace_width 0.254)
    (via_dia 0.54)
    (via_drill 0.3)
    (uvia_dia 0.3)
    (uvia_drill 0.1)
    (diff_pair_width 0.254)
    (diff_pair_gap 0.25)
    (add_net GND)
    (add_net VCC)
    (add_net VEE)
  )

  (net_class SIGNAL ""
    (clearance 0.127)
    (trace_width 0.127)
    (via_dia 0.45)
    (via_drill 0.3)
    (uvia_dia 0.3)
    (uvia_drill 0.1)
    (diff_pair_width 0.127)
    (diff_pair_gap 0.127)
    (add_net /A1Out)
    (add_net /A2Out)
    (add_net /A3Out)
    (add_net /A4Out)
    (add_net /AIn)
    (add_net /B1Out)
    (add_net /B2Out)
    (add_net /B3Out)
    (add_net /B4Out)
    (add_net /BIn)
    (add_net "Net-(R1-Pad2)")
    (add_net "Net-(R2-Pad2)")
    (add_net "Net-(R3-Pad2)")
    (add_net "Net-(R4-Pad2)")
    (add_net "Net-(R5-Pad2)")
    (add_net "Net-(R6-Pad2)")
    (add_net "Net-(R7-Pad2)")
    (add_net "Net-(R8-Pad2)")
  )

  (module Capacitor_SMD:C_0805_2012Metric_Pad1.15x1.40mm_HandSolder (layer F.Cu) (tedit 5B36C52B) (tstamp 5F2E0DB4)
    (at 155.54452 59.80176 270)
    (descr "Capacitor SMD 0805 (2012 Metric), square (rectangular) end terminal, IPC_7351 nominal with elongated pad for handsoldering. (Body size source: https://docs.google.com/spreadsheets/d/1BsfQQcO9C6DZCsRaXUlFlo91Tg2WpOkGARC1WS5S8t0/edit?usp=sharing), generated with kicad-footprint-generator")
    (tags "capacitor handsolder")
    (path /5F36060F)
    (attr smd)
    (fp_text reference C3 (at -2.54508 0.03048 180) (layer F.SilkS)
      (effects (font (size 1 1) (thickness 0.15)))
    )
    (fp_text value 0.1u (at -0.02032 -0.24892 180) (layer F.SilkS)
      (effects (font (size 0.5 0.5) (thickness 0.125)))
    )
    (fp_text user %R (at 0 0 90) (layer F.Fab)
      (effects (font (size 0.5 0.5) (thickness 0.08)))
    )
    (fp_line (start 1.85 0.95) (end -1.85 0.95) (layer F.CrtYd) (width 0.05))
    (fp_line (start 1.85 -0.95) (end 1.85 0.95) (layer F.CrtYd) (width 0.05))
    (fp_line (start -1.85 -0.95) (end 1.85 -0.95) (layer F.CrtYd) (width 0.05))
    (fp_line (start -1.85 0.95) (end -1.85 -0.95) (layer F.CrtYd) (width 0.05))
    (fp_line (start -0.261252 0.71) (end 0.261252 0.71) (layer F.SilkS) (width 0.12))
    (fp_line (start -0.261252 -0.71) (end 0.261252 -0.71) (layer F.SilkS) (width 0.12))
    (fp_line (start 1 0.6) (end -1 0.6) (layer F.Fab) (width 0.1))
    (fp_line (start 1 -0.6) (end 1 0.6) (layer F.Fab) (width 0.1))
    (fp_line (start -1 -0.6) (end 1 -0.6) (layer F.Fab) (width 0.1))
    (fp_line (start -1 0.6) (end -1 -0.6) (layer F.Fab) (width 0.1))
    (pad 2 smd roundrect (at 1.025 0 270) (size 1.15 1.4) (layers F.Cu F.Paste F.Mask) (roundrect_rratio 0.217391)
      (net 1 VCC))
    (pad 1 smd roundrect (at -1.025 0 270) (size 1.15 1.4) (layers F.Cu F.Paste F.Mask) (roundrect_rratio 0.217391)
      (net 2 GND))
    (model ${KISYS3DMOD}/Capacitor_SMD.3dshapes/C_0805_2012Metric.wrl
      (at (xyz 0 0 0))
      (scale (xyz 1 1 1))
      (rotate (xyz 0 0 0))
    )
  )

  (module Connector_Audio:Jack_3.5mm_QingPu_WQP-PJ398SM_Vertical_CircularHoles (layer B.Cu) (tedit 5C2B6BB2) (tstamp 5F2E05AC)
    (at 154.49804 53.63464 270)
    (descr "TRS 3.5mm, vertical, Thonkiconn, PCB mount, (http://www.qingpu-electronics.com/en/products/WQP-PJ398SM-362.html)")
    (tags "WQP-PJ398SM WQP-PJ301M-12 TRS 3.5mm mono vertical jack thonkiconn qingpu")
    (path /5F2FE4C3)
    (fp_text reference J3 (at -3.55092 -6.44144 180) (layer B.SilkS)
      (effects (font (size 1 1) (thickness 0.15)) (justify mirror))
    )
    (fp_text value A1Out (at 3.61188 -6.02996 180) (layer B.SilkS)
      (effects (font (size 1 1) (thickness 0.15)) (justify mirror))
    )
    (fp_text user KEEPOUT (at 0 -6.48 270) (layer Cmts.User)
      (effects (font (size 0.4 0.4) (thickness 0.051)))
    )
    (fp_line (start -5 -12.98) (end -5 1.42) (layer B.CrtYd) (width 0.05))
    (fp_line (start -4.5 -12.48) (end -4.5 -2.08) (layer B.Fab) (width 0.1))
    (fp_text user %R (at 0 -8 90) (layer B.Fab)
      (effects (font (size 1 1) (thickness 0.15)) (justify mirror))
    )
    (fp_line (start -4.5 -1.98) (end -4.5 -12.48) (layer B.SilkS) (width 0.12))
    (fp_line (start 4.5 -1.98) (end 4.5 -12.48) (layer B.SilkS) (width 0.12))
    (fp_circle (center 0 -6.48) (end 1.5 -6.48) (layer Dwgs.User) (width 0.12))
    (fp_line (start 0.09 -7.96) (end 1.48 -6.57) (layer Dwgs.User) (width 0.12))
    (fp_line (start -0.58 -7.83) (end 1.36 -5.89) (layer Dwgs.User) (width 0.12))
    (fp_line (start -1.07 -7.49) (end 1.01 -5.41) (layer Dwgs.User) (width 0.12))
    (fp_line (start -1.42 -6.875) (end 0.4 -5.06) (layer Dwgs.User) (width 0.12))
    (fp_line (start -1.41 -6.02) (end -0.46 -5.07) (layer Dwgs.User) (width 0.12))
    (fp_line (start 4.5 -12.48) (end 0.5 -12.48) (layer B.SilkS) (width 0.12))
    (fp_line (start -0.5 -12.48) (end -4.5 -12.48) (layer B.SilkS) (width 0.12))
    (fp_line (start 4.5 -1.98) (end 0.35 -1.98) (layer B.SilkS) (width 0.12))
    (fp_line (start -0.35 -1.98) (end -4.5 -1.98) (layer B.SilkS) (width 0.12))
    (fp_circle (center 0 -6.48) (end 1.8 -6.48) (layer B.SilkS) (width 0.12))
    (fp_line (start -1.06 1) (end -1.06 0.2) (layer B.SilkS) (width 0.12))
    (fp_line (start -1.06 1) (end -0.2 1) (layer B.SilkS) (width 0.12))
    (fp_line (start 4.5 -12.48) (end 4.5 -2.08) (layer B.Fab) (width 0.1))
    (fp_line (start 4.5 -12.48) (end -4.5 -12.48) (layer B.Fab) (width 0.1))
    (fp_line (start 5 -12.98) (end 5 1.42) (layer B.CrtYd) (width 0.05))
    (fp_line (start 5 -12.98) (end -5 -12.98) (layer B.CrtYd) (width 0.05))
    (fp_line (start 5 1.42) (end -5 1.42) (layer B.CrtYd) (width 0.05))
    (fp_line (start 4.5 -2.03) (end -4.5 -2.03) (layer B.Fab) (width 0.1))
    (fp_circle (center 0 -6.48) (end 1.8 -6.48) (layer B.Fab) (width 0.1))
    (fp_line (start 0 0) (end 0 -2.03) (layer B.Fab) (width 0.1))
    (pad TN thru_hole circle (at 0 -3.1 90) (size 2.13 2.13) (drill 1.42) (layers *.Cu *.Mask)
      (net 2 GND))
    (pad S thru_hole rect (at 0 0 90) (size 1.93 1.83) (drill 1.22) (layers *.Cu *.Mask)
      (net 2 GND))
    (pad T thru_hole circle (at 0 -11.4 90) (size 2.13 2.13) (drill 1.43) (layers *.Cu *.Mask)
      (net 12 /A1Out))
    (model ${KISYS3DMOD}/Connector_Audio.3dshapes/Jack_3.5mm_QingPu_WQP-PJ398SM_Vertical.wrl
      (at (xyz 0 0 0))
      (scale (xyz 1 1 1))
      (rotate (xyz 0 0 0))
    )
  )

  (module Connector_PinHeader_2.54mm:PinHeader_2x05_P2.54mm_Vertical (layer F.Cu) (tedit 59FED5CC) (tstamp 5F48E628)
    (at 155.51404 78.19136 90)
    (descr "Through hole straight pin header, 2x05, 2.54mm pitch, double rows")
    (tags "Through hole pin header THT 2x05 2.54mm double row")
    (path /5F2CDB86)
    (fp_text reference J1 (at 0 -1.35 180) (layer F.SilkS) hide
      (effects (font (size 1 1) (thickness 0.1)))
    )
    (fp_text value EUROPWR (at 4.5974 7.57936) (layer F.SilkS)
      (effects (font (size 1 1) (thickness 0.2032)))
    )
    (fp_text user %R (at 1.27 5.08) (layer F.Fab)
      (effects (font (size 1 1) (thickness 0.15)))
    )
    (fp_line (start 4.35 -1.8) (end -1.8 -1.8) (layer F.CrtYd) (width 0.05))
    (fp_line (start 4.35 11.95) (end 4.35 -1.8) (layer F.CrtYd) (width 0.05))
    (fp_line (start -1.8 11.95) (end 4.35 11.95) (layer F.CrtYd) (width 0.05))
    (fp_line (start -1.8 -1.8) (end -1.8 11.95) (layer F.CrtYd) (width 0.05))
    (fp_line (start -1.33 -1.33) (end 0 -1.33) (layer F.SilkS) (width 0.12))
    (fp_line (start -1.33 0) (end -1.33 -1.33) (layer F.SilkS) (width 0.12))
    (fp_line (start 1.27 -1.33) (end 3.87 -1.33) (layer F.SilkS) (width 0.12))
    (fp_line (start 1.27 1.27) (end 1.27 -1.33) (layer F.SilkS) (width 0.12))
    (fp_line (start -1.33 1.27) (end 1.27 1.27) (layer F.SilkS) (width 0.12))
    (fp_line (start 3.87 -1.33) (end 3.87 11.49) (layer F.SilkS) (width 0.12))
    (fp_line (start -1.33 1.27) (end -1.33 11.49) (layer F.SilkS) (width 0.12))
    (fp_line (start -1.33 11.49) (end 3.87 11.49) (layer F.SilkS) (width 0.12))
    (fp_line (start -1.27 0) (end 0 -1.27) (layer F.Fab) (width 0.1))
    (fp_line (start -1.27 11.43) (end -1.27 0) (layer F.Fab) (width 0.1))
    (fp_line (start 3.81 11.43) (end -1.27 11.43) (layer F.Fab) (width 0.1))
    (fp_line (start 3.81 -1.27) (end 3.81 11.43) (layer F.Fab) (width 0.1))
    (fp_line (start 0 -1.27) (end 3.81 -1.27) (layer F.Fab) (width 0.1))
    (fp_text user -12V (at -1.21412 7.70128 90) (layer F.SilkS)
      (effects (font (size 0.7 0.7) (thickness 0.1)))
    )
    (fp_text user cable (at 0.01 8.2 90) (layer Dwgs.User)
      (effects (font (size 1 1) (thickness 0.15)))
    )
    (pad 10 thru_hole oval (at 2.54 10.16 90) (size 1.7 1.7) (drill 1) (layers *.Cu *.Mask)
      (net 22 -12V))
    (pad 9 thru_hole oval (at 0 10.16 90) (size 1.7 1.7) (drill 1) (layers *.Cu *.Mask)
      (net 22 -12V))
    (pad 8 thru_hole oval (at 2.54 7.62 90) (size 1.7 1.7) (drill 1) (layers *.Cu *.Mask)
      (net 2 GND))
    (pad 7 thru_hole oval (at 0 7.62 90) (size 1.7 1.7) (drill 1) (layers *.Cu *.Mask)
      (net 2 GND))
    (pad 6 thru_hole oval (at 2.54 5.08 90) (size 1.7 1.7) (drill 1) (layers *.Cu *.Mask)
      (net 2 GND))
    (pad 5 thru_hole oval (at 0 5.08 90) (size 1.7 1.7) (drill 1) (layers *.Cu *.Mask)
      (net 2 GND))
    (pad 4 thru_hole oval (at 2.54 2.54 90) (size 1.7 1.7) (drill 1) (layers *.Cu *.Mask)
      (net 2 GND))
    (pad 3 thru_hole oval (at 0 2.54 90) (size 1.7 1.7) (drill 1) (layers *.Cu *.Mask)
      (net 2 GND))
    (pad 2 thru_hole oval (at 2.54 0 90) (size 1.7 1.7) (drill 1) (layers *.Cu *.Mask)
      (net 25 +12V))
    (pad 1 thru_hole rect (at 0 0 90) (size 1.7 1.7) (drill 1) (layers *.Cu *.Mask)
      (net 25 +12V))
    (model ${KISYS3DMOD}/Connector_PinHeader_2.54mm.3dshapes/PinHeader_2x05_P2.54mm_Vertical.wrl
      (at (xyz 0 0 0))
      (scale (xyz 1 1 1))
      (rotate (xyz 0 0 0))
    )
  )

  (module Resistor_SMD:R_0805_2012Metric_Pad1.15x1.40mm_HandSolder (layer F.Cu) (tedit 5B36C52B) (tstamp 5F2E60FB)
    (at 163.8554 103.79964 90)
    (descr "Resistor SMD 0805 (2012 Metric), square (rectangular) end terminal, IPC_7351 nominal with elongated pad for handsoldering. (Body size source: https://docs.google.com/spreadsheets/d/1BsfQQcO9C6DZCsRaXUlFlo91Tg2WpOkGARC1WS5S8t0/edit?usp=sharing), generated with kicad-footprint-generator")
    (tags "resistor handsolder")
    (path /5F3B4F11)
    (attr smd)
    (fp_text reference R6 (at 2.49428 -0.01524 180) (layer F.SilkS)
      (effects (font (size 1 1) (thickness 0.15) italic))
    )
    (fp_text value 100 (at -0.0254 2.03708 180) (layer F.SilkS)
      (effects (font (size 0.5 0.5) (thickness 0.125)))
    )
    (fp_text user %R (at 0 0 90) (layer F.Fab)
      (effects (font (size 0.5 0.5) (thickness 0.08)))
    )
    (fp_line (start 1.85 0.95) (end -1.85 0.95) (layer F.CrtYd) (width 0.05))
    (fp_line (start 1.85 -0.95) (end 1.85 0.95) (layer F.CrtYd) (width 0.05))
    (fp_line (start -1.85 -0.95) (end 1.85 -0.95) (layer F.CrtYd) (width 0.05))
    (fp_line (start -1.85 0.95) (end -1.85 -0.95) (layer F.CrtYd) (width 0.05))
    (fp_line (start -0.261252 0.71) (end 0.261252 0.71) (layer F.SilkS) (width 0.12))
    (fp_line (start -0.261252 -0.71) (end 0.261252 -0.71) (layer F.SilkS) (width 0.12))
    (fp_line (start 1 0.6) (end -1 0.6) (layer F.Fab) (width 0.1))
    (fp_line (start 1 -0.6) (end 1 0.6) (layer F.Fab) (width 0.1))
    (fp_line (start -1 -0.6) (end 1 -0.6) (layer F.Fab) (width 0.1))
    (fp_line (start -1 0.6) (end -1 -0.6) (layer F.Fab) (width 0.1))
    (pad 2 smd roundrect (at 1.025 0 90) (size 1.15 1.4) (layers F.Cu F.Paste F.Mask) (roundrect_rratio 0.217391)
      (net 9 "Net-(R6-Pad2)"))
    (pad 1 smd roundrect (at -1.025 0 90) (size 1.15 1.4) (layers F.Cu F.Paste F.Mask) (roundrect_rratio 0.217391)
      (net 17 /B2Out))
    (model ${KISYS3DMOD}/Resistor_SMD.3dshapes/R_0805_2012Metric.wrl
      (at (xyz 0 0 0))
      (scale (xyz 1 1 1))
      (rotate (xyz 0 0 0))
    )
  )

  (module Diode_SMD:D_SOD-323_HandSoldering (layer F.Cu) (tedit 58641869) (tstamp 5F2DB6C8)
    (at 166.7002 70.7898 90)
    (descr SOD-323)
    (tags SOD-323)
    (path /5F2F4EEC)
    (attr smd)
    (fp_text reference D2 (at -0.0762 -1.56464 90) (layer F.SilkS)
      (effects (font (size 1 1) (thickness 0.15) italic))
    )
    (fp_text value D_Small_ALT (at 0 2.6 90) (layer F.Fab)
      (effects (font (size 1 1) (thickness 0.15)))
    )
    (fp_line (start -1.9 -0.85) (end 1.25 -0.85) (layer F.SilkS) (width 0.12))
    (fp_line (start -1.9 0.85) (end 1.25 0.85) (layer F.SilkS) (width 0.12))
    (fp_line (start -2 -0.95) (end -2 0.95) (layer F.CrtYd) (width 0.05))
    (fp_line (start -2 0.95) (end 2 0.95) (layer F.CrtYd) (width 0.05))
    (fp_line (start 2 -0.95) (end 2 0.95) (layer F.CrtYd) (width 0.05))
    (fp_line (start -2 -0.95) (end 2 -0.95) (layer F.CrtYd) (width 0.05))
    (fp_line (start -0.9 -0.7) (end 0.9 -0.7) (layer F.Fab) (width 0.1))
    (fp_line (start 0.9 -0.7) (end 0.9 0.7) (layer F.Fab) (width 0.1))
    (fp_line (start 0.9 0.7) (end -0.9 0.7) (layer F.Fab) (width 0.1))
    (fp_line (start -0.9 0.7) (end -0.9 -0.7) (layer F.Fab) (width 0.1))
    (fp_line (start -0.3 -0.35) (end -0.3 0.35) (layer F.Fab) (width 0.1))
    (fp_line (start -0.3 0) (end -0.5 0) (layer F.Fab) (width 0.1))
    (fp_line (start -0.3 0) (end 0.2 -0.35) (layer F.Fab) (width 0.1))
    (fp_line (start 0.2 -0.35) (end 0.2 0.35) (layer F.Fab) (width 0.1))
    (fp_line (start 0.2 0.35) (end -0.3 0) (layer F.Fab) (width 0.1))
    (fp_line (start 0.2 0) (end 0.45 0) (layer F.Fab) (width 0.1))
    (fp_line (start -1.9 -0.85) (end -1.9 0.85) (layer F.SilkS) (width 0.12))
    (fp_text user %R (at 0 -2.5 90) (layer F.Fab)
      (effects (font (size 1 1) (thickness 0.15)))
    )
    (pad 2 smd rect (at 1.25 0 90) (size 1 1) (layers F.Cu F.Paste F.Mask)
      (net 3 VEE))
    (pad 1 smd rect (at -1.25 0 90) (size 1 1) (layers F.Cu F.Paste F.Mask)
      (net 22 -12V))
    (model ${KISYS3DMOD}/Diode_SMD.3dshapes/D_SOD-323.wrl
      (at (xyz 0 0 0))
      (scale (xyz 1 1 1))
      (rotate (xyz 0 0 0))
    )
  )

  (module Diode_SMD:D_SOD-323_HandSoldering (layer F.Cu) (tedit 5F489575) (tstamp 5F2DB6B0)
    (at 154.07132 82.33156 90)
    (descr SOD-323)
    (tags SOD-323)
    (path /5F2F29F5)
    (attr smd)
    (fp_text reference D1 (at -0.02032 1.7526 90) (layer F.SilkS)
      (effects (font (size 1 1) (thickness 0.15) italic))
    )
    (fp_text value D_Small_ALT (at 0 2.6 90) (layer F.Fab)
      (effects (font (size 1 1) (thickness 0.15)))
    )
    (fp_line (start -1.9 -0.85) (end 1.25 -0.85) (layer F.SilkS) (width 0.12))
    (fp_line (start -1.9 0.85) (end 1.25 0.85) (layer F.SilkS) (width 0.12))
    (fp_line (start -2 -0.95) (end -2 0.95) (layer F.CrtYd) (width 0.05))
    (fp_line (start -2 0.95) (end 2 0.95) (layer F.CrtYd) (width 0.05))
    (fp_line (start 2 -0.95) (end 2 0.95) (layer F.CrtYd) (width 0.05))
    (fp_line (start -2 -0.95) (end 2 -0.95) (layer F.CrtYd) (width 0.05))
    (fp_line (start -0.9 -0.7) (end 0.9 -0.7) (layer F.Fab) (width 0.1))
    (fp_line (start 0.9 -0.7) (end 0.9 0.7) (layer F.Fab) (width 0.1))
    (fp_line (start 0.9 0.7) (end -0.9 0.7) (layer F.Fab) (width 0.1))
    (fp_line (start -0.9 0.7) (end -0.9 -0.7) (layer F.Fab) (width 0.1))
    (fp_line (start -0.3 -0.35) (end -0.3 0.35) (layer F.Fab) (width 0.1))
    (fp_line (start -0.3 0) (end -0.5 0) (layer F.Fab) (width 0.1))
    (fp_line (start -0.3 0) (end 0.2 -0.35) (layer F.Fab) (width 0.1))
    (fp_line (start 0.2 -0.35) (end 0.2 0.35) (layer F.Fab) (width 0.1))
    (fp_line (start 0.2 0.35) (end -0.3 0) (layer F.Fab) (width 0.1))
    (fp_line (start 0.2 0) (end 0.45 0) (layer F.Fab) (width 0.1))
    (fp_line (start -1.9 -0.85) (end -1.9 0.85) (layer F.SilkS) (width 0.12))
    (fp_text user %R (at 0 -2.5 90) (layer F.Fab)
      (effects (font (size 1 1) (thickness 0.15)))
    )
    (pad 2 smd rect (at 1.25 0 90) (size 1 1) (layers F.Cu F.Paste F.Mask)
      (net 25 +12V))
    (pad 1 smd rect (at -1.25 0 90) (size 1 1) (layers F.Cu F.Paste F.Mask)
      (net 1 VCC))
    (model ${KISYS3DMOD}/Diode_SMD.3dshapes/D_SOD-323.wrl
      (at (xyz 0 0 0))
      (scale (xyz 1 1 1))
      (rotate (xyz 0 0 0))
    )
  )

  (module Connector_Audio:Jack_3.5mm_QingPu_WQP-PJ398SM_Vertical_CircularHoles (layer B.Cu) (tedit 5C2B6BB2) (tstamp 5F2E0634)
    (at 154.56408 86.42604 270)
    (descr "TRS 3.5mm, vertical, Thonkiconn, PCB mount, (http://www.qingpu-electronics.com/en/products/WQP-PJ398SM-362.html)")
    (tags "WQP-PJ398SM WQP-PJ301M-12 TRS 3.5mm mono vertical jack thonkiconn qingpu")
    (path /5F2EA056)
    (fp_text reference J7 (at -3.5814 -6.8072 180) (layer B.SilkS)
      (effects (font (size 1 1) (thickness 0.15)) (justify mirror))
    )
    (fp_text value B-In (at 3.67284 -6.8326 180) (layer B.SilkS)
      (effects (font (size 1 1) (thickness 0.15)) (justify mirror))
    )
    (fp_text user KEEPOUT (at 0 -6.48 270) (layer Cmts.User)
      (effects (font (size 0.4 0.4) (thickness 0.051)))
    )
    (fp_line (start -5 -12.98) (end -5 1.42) (layer B.CrtYd) (width 0.05))
    (fp_line (start -4.5 -12.48) (end -4.5 -2.08) (layer B.Fab) (width 0.1))
    (fp_text user %R (at 3.68808 -11.51128 180) (layer B.Fab)
      (effects (font (size 1 1) (thickness 0.15)) (justify mirror))
    )
    (fp_line (start -4.5 -1.98) (end -4.5 -12.48) (layer B.SilkS) (width 0.12))
    (fp_line (start 4.5 -1.98) (end 4.5 -12.48) (layer B.SilkS) (width 0.12))
    (fp_circle (center 0 -6.48) (end 1.5 -6.48) (layer Dwgs.User) (width 0.12))
    (fp_line (start 0.09 -7.96) (end 1.48 -6.57) (layer Dwgs.User) (width 0.12))
    (fp_line (start -0.58 -7.83) (end 1.36 -5.89) (layer Dwgs.User) (width 0.12))
    (fp_line (start -1.07 -7.49) (end 1.01 -5.41) (layer Dwgs.User) (width 0.12))
    (fp_line (start -1.42 -6.875) (end 0.4 -5.06) (layer Dwgs.User) (width 0.12))
    (fp_line (start -1.41 -6.02) (end -0.46 -5.07) (layer Dwgs.User) (width 0.12))
    (fp_line (start 4.5 -12.48) (end 0.5 -12.48) (layer B.SilkS) (width 0.12))
    (fp_line (start -0.5 -12.48) (end -4.5 -12.48) (layer B.SilkS) (width 0.12))
    (fp_line (start 4.5 -1.98) (end 0.35 -1.98) (layer B.SilkS) (width 0.12))
    (fp_line (start -0.35 -1.98) (end -4.5 -1.98) (layer B.SilkS) (width 0.12))
    (fp_circle (center 0 -6.48) (end 1.8 -6.48) (layer B.SilkS) (width 0.12))
    (fp_line (start -1.06 1) (end -1.06 0.2) (layer B.SilkS) (width 0.12))
    (fp_line (start -1.06 1) (end -0.2 1) (layer B.SilkS) (width 0.12))
    (fp_line (start 4.5 -12.48) (end 4.5 -2.08) (layer B.Fab) (width 0.1))
    (fp_line (start 4.5 -12.48) (end -4.5 -12.48) (layer B.Fab) (width 0.1))
    (fp_line (start 5 -12.98) (end 5 1.42) (layer B.CrtYd) (width 0.05))
    (fp_line (start 5 -12.98) (end -5 -12.98) (layer B.CrtYd) (width 0.05))
    (fp_line (start 5 1.42) (end -5 1.42) (layer B.CrtYd) (width 0.05))
    (fp_line (start 4.5 -2.03) (end -4.5 -2.03) (layer B.Fab) (width 0.1))
    (fp_circle (center 0 -6.48) (end 1.8 -6.48) (layer B.Fab) (width 0.1))
    (fp_line (start 0 0) (end 0 -2.03) (layer B.Fab) (width 0.1))
    (pad TN thru_hole circle (at 0 -3.1 90) (size 2.13 2.13) (drill 1.42) (layers *.Cu *.Mask))
    (pad S thru_hole rect (at 0 0 90) (size 1.93 1.83) (drill 1.22) (layers *.Cu *.Mask)
      (net 2 GND))
    (pad T thru_hole circle (at 0 -11.4 90) (size 2.13 2.13) (drill 1.43) (layers *.Cu *.Mask)
      (net 21 /BIn))
    (model ${KISYS3DMOD}/Connector_Audio.3dshapes/Jack_3.5mm_QingPu_WQP-PJ398SM_Vertical.wrl
      (at (xyz 0 0 0))
      (scale (xyz 1 1 1))
      (rotate (xyz 0 0 0))
    )
  )

  (module Connector_Audio:Jack_3.5mm_QingPu_WQP-PJ398SM_Vertical_CircularHoles (layer B.Cu) (tedit 5C2B6BB2) (tstamp 5F2E058A)
    (at 154.56408 66.47688 270)
    (descr "TRS 3.5mm, vertical, Thonkiconn, PCB mount, (http://www.qingpu-electronics.com/en/products/WQP-PJ398SM-362.html)")
    (tags "WQP-PJ398SM WQP-PJ301M-12 TRS 3.5mm mono vertical jack thonkiconn qingpu")
    (path /5F2E2578)
    (fp_text reference J2 (at -3.61696 -7.86384 180) (layer B.SilkS)
      (effects (font (size 1 1) (thickness 0.15)) (justify mirror))
    )
    (fp_text value A-In (at 3.67284 -6.58876) (layer B.SilkS)
      (effects (font (size 1 1) (thickness 0.15)) (justify mirror))
    )
    (fp_text user KEEPOUT (at 0 -6.48 270) (layer Cmts.User)
      (effects (font (size 0.4 0.4) (thickness 0.051)))
    )
    (fp_line (start -5 -12.98) (end -5 1.42) (layer B.CrtYd) (width 0.05))
    (fp_line (start -4.5 -12.48) (end -4.5 -2.08) (layer B.Fab) (width 0.1))
    (fp_text user %R (at 0 -8 90) (layer B.Fab)
      (effects (font (size 1 1) (thickness 0.15)) (justify mirror))
    )
    (fp_line (start -4.5 -1.98) (end -4.5 -12.48) (layer B.SilkS) (width 0.12))
    (fp_line (start 4.5 -1.98) (end 4.5 -12.48) (layer B.SilkS) (width 0.12))
    (fp_circle (center 0 -6.48) (end 1.5 -6.48) (layer Dwgs.User) (width 0.12))
    (fp_line (start 0.09 -7.96) (end 1.48 -6.57) (layer Dwgs.User) (width 0.12))
    (fp_line (start -0.58 -7.83) (end 1.36 -5.89) (layer Dwgs.User) (width 0.12))
    (fp_line (start -1.07 -7.49) (end 1.01 -5.41) (layer Dwgs.User) (width 0.12))
    (fp_line (start -1.42 -6.875) (end 0.4 -5.06) (layer Dwgs.User) (width 0.12))
    (fp_line (start -1.41 -6.02) (end -0.46 -5.07) (layer Dwgs.User) (width 0.12))
    (fp_line (start 4.5 -12.48) (end 0.5 -12.48) (layer B.SilkS) (width 0.12))
    (fp_line (start -0.5 -12.48) (end -4.5 -12.48) (layer B.SilkS) (width 0.12))
    (fp_line (start 4.5 -1.98) (end 0.35 -1.98) (layer B.SilkS) (width 0.12))
    (fp_line (start -0.35 -1.98) (end -4.5 -1.98) (layer B.SilkS) (width 0.12))
    (fp_circle (center 0 -6.48) (end 1.8 -6.48) (layer B.SilkS) (width 0.12))
    (fp_line (start -1.06 1) (end -1.06 0.2) (layer B.SilkS) (width 0.12))
    (fp_line (start -1.06 1) (end -0.2 1) (layer B.SilkS) (width 0.12))
    (fp_line (start 4.5 -12.48) (end 4.5 -2.08) (layer B.Fab) (width 0.1))
    (fp_line (start 4.5 -12.48) (end -4.5 -12.48) (layer B.Fab) (width 0.1))
    (fp_line (start 5 -12.98) (end 5 1.42) (layer B.CrtYd) (width 0.05))
    (fp_line (start 5 -12.98) (end -5 -12.98) (layer B.CrtYd) (width 0.05))
    (fp_line (start 5 1.42) (end -5 1.42) (layer B.CrtYd) (width 0.05))
    (fp_line (start 4.5 -2.03) (end -4.5 -2.03) (layer B.Fab) (width 0.1))
    (fp_circle (center 0 -6.48) (end 1.8 -6.48) (layer B.Fab) (width 0.1))
    (fp_line (start 0 0) (end 0 -2.03) (layer B.Fab) (width 0.1))
    (pad TN thru_hole circle (at 0 -3.1 90) (size 2.13 2.13) (drill 1.42) (layers *.Cu *.Mask))
    (pad S thru_hole rect (at 0 0 90) (size 1.93 1.83) (drill 1.22) (layers *.Cu *.Mask)
      (net 2 GND))
    (pad T thru_hole circle (at 0 -11.4 90) (size 2.13 2.13) (drill 1.43) (layers *.Cu *.Mask)
      (net 20 /AIn))
    (model ${KISYS3DMOD}/Connector_Audio.3dshapes/Jack_3.5mm_QingPu_WQP-PJ398SM_Vertical.wrl
      (at (xyz 0 0 0))
      (scale (xyz 1 1 1))
      (rotate (xyz 0 0 0))
    )
  )

  (module Connector_Audio:Jack_3.5mm_QingPu_WQP-PJ398SM_Vertical_CircularHoles (layer B.Cu) (tedit 5C2B6BB2) (tstamp 5F2E05CE)
    (at 154.49804 44.53128 270)
    (descr "TRS 3.5mm, vertical, Thonkiconn, PCB mount, (http://www.qingpu-electronics.com/en/products/WQP-PJ398SM-362.html)")
    (tags "WQP-PJ398SM WQP-PJ301M-12 TRS 3.5mm mono vertical jack thonkiconn qingpu")
    (path /5F32AE90)
    (fp_text reference J4 (at -3.43408 -6.477 180) (layer B.SilkS)
      (effects (font (size 1 1) (thickness 0.15)) (justify mirror))
    )
    (fp_text value A2Out (at 3.58648 -6.17728 180) (layer B.SilkS)
      (effects (font (size 1 1) (thickness 0.15)) (justify mirror))
    )
    (fp_line (start 0 0) (end 0 -2.03) (layer B.Fab) (width 0.1))
    (fp_circle (center 0 -6.48) (end 1.8 -6.48) (layer B.Fab) (width 0.1))
    (fp_line (start 4.5 -2.03) (end -4.5 -2.03) (layer B.Fab) (width 0.1))
    (fp_line (start 5 1.42) (end -5 1.42) (layer B.CrtYd) (width 0.05))
    (fp_line (start 5 -12.98) (end -5 -12.98) (layer B.CrtYd) (width 0.05))
    (fp_line (start 5 -12.98) (end 5 1.42) (layer B.CrtYd) (width 0.05))
    (fp_line (start 4.5 -12.48) (end -4.5 -12.48) (layer B.Fab) (width 0.1))
    (fp_line (start 4.5 -12.48) (end 4.5 -2.08) (layer B.Fab) (width 0.1))
    (fp_line (start -1.06 1) (end -0.2 1) (layer B.SilkS) (width 0.12))
    (fp_line (start -1.06 1) (end -1.06 0.2) (layer B.SilkS) (width 0.12))
    (fp_circle (center 0 -6.48) (end 1.8 -6.48) (layer B.SilkS) (width 0.12))
    (fp_line (start -0.35 -1.98) (end -4.5 -1.98) (layer B.SilkS) (width 0.12))
    (fp_line (start 4.5 -1.98) (end 0.35 -1.98) (layer B.SilkS) (width 0.12))
    (fp_line (start -0.5 -12.48) (end -4.5 -12.48) (layer B.SilkS) (width 0.12))
    (fp_line (start 4.5 -12.48) (end 0.5 -12.48) (layer B.SilkS) (width 0.12))
    (fp_line (start -1.41 -6.02) (end -0.46 -5.07) (layer Dwgs.User) (width 0.12))
    (fp_line (start -1.42 -6.875) (end 0.4 -5.06) (layer Dwgs.User) (width 0.12))
    (fp_line (start -1.07 -7.49) (end 1.01 -5.41) (layer Dwgs.User) (width 0.12))
    (fp_line (start -0.58 -7.83) (end 1.36 -5.89) (layer Dwgs.User) (width 0.12))
    (fp_line (start 0.09 -7.96) (end 1.48 -6.57) (layer Dwgs.User) (width 0.12))
    (fp_circle (center 0 -6.48) (end 1.5 -6.48) (layer Dwgs.User) (width 0.12))
    (fp_line (start 4.5 -1.98) (end 4.5 -12.48) (layer B.SilkS) (width 0.12))
    (fp_line (start -4.5 -1.98) (end -4.5 -12.48) (layer B.SilkS) (width 0.12))
    (fp_text user %R (at 0 -8 90) (layer B.Fab)
      (effects (font (size 1 1) (thickness 0.15)) (justify mirror))
    )
    (fp_line (start -4.5 -12.48) (end -4.5 -2.08) (layer B.Fab) (width 0.1))
    (fp_line (start -5 -12.98) (end -5 1.42) (layer B.CrtYd) (width 0.05))
    (fp_text user KEEPOUT (at 0 -6.48 270) (layer Cmts.User)
      (effects (font (size 0.4 0.4) (thickness 0.051)))
    )
    (pad T thru_hole circle (at 0 -11.4 90) (size 2.13 2.13) (drill 1.43) (layers *.Cu *.Mask)
      (net 13 /A2Out))
    (pad S thru_hole rect (at 0 0 90) (size 1.93 1.83) (drill 1.22) (layers *.Cu *.Mask)
      (net 2 GND))
    (pad TN thru_hole circle (at 0 -3.1 90) (size 2.13 2.13) (drill 1.42) (layers *.Cu *.Mask)
      (net 2 GND))
    (model ${KISYS3DMOD}/Connector_Audio.3dshapes/Jack_3.5mm_QingPu_WQP-PJ398SM_Vertical.wrl
      (at (xyz 0 0 0))
      (scale (xyz 1 1 1))
      (rotate (xyz 0 0 0))
    )
  )

  (module Connector_Audio:Jack_3.5mm_QingPu_WQP-PJ398SM_Vertical_CircularHoles (layer B.Cu) (tedit 5C2B6BB2) (tstamp 5F2DBDC7)
    (at 154.49804 35.41268 270)
    (descr "TRS 3.5mm, vertical, Thonkiconn, PCB mount, (http://www.qingpu-electronics.com/en/products/WQP-PJ398SM-362.html)")
    (tags "WQP-PJ398SM WQP-PJ301M-12 TRS 3.5mm mono vertical jack thonkiconn qingpu")
    (path /5F34FC33)
    (fp_text reference J5 (at -3.42392 -6.5786 180) (layer B.SilkS)
      (effects (font (size 1 1) (thickness 0.15)) (justify mirror))
    )
    (fp_text value A3Out (at 3.5306 -6.34492 180) (layer B.SilkS)
      (effects (font (size 1 1) (thickness 0.15)) (justify mirror))
    )
    (fp_line (start 0 0) (end 0 -2.03) (layer B.Fab) (width 0.1))
    (fp_circle (center 0 -6.48) (end 1.8 -6.48) (layer B.Fab) (width 0.1))
    (fp_line (start 4.5 -2.03) (end -4.5 -2.03) (layer B.Fab) (width 0.1))
    (fp_line (start 5 1.42) (end -5 1.42) (layer B.CrtYd) (width 0.05))
    (fp_line (start 5 -12.98) (end -5 -12.98) (layer B.CrtYd) (width 0.05))
    (fp_line (start 5 -12.98) (end 5 1.42) (layer B.CrtYd) (width 0.05))
    (fp_line (start 4.5 -12.48) (end -4.5 -12.48) (layer B.Fab) (width 0.1))
    (fp_line (start 4.5 -12.48) (end 4.5 -2.08) (layer B.Fab) (width 0.1))
    (fp_line (start -1.06 1) (end -0.2 1) (layer B.SilkS) (width 0.12))
    (fp_line (start -1.06 1) (end -1.06 0.2) (layer B.SilkS) (width 0.12))
    (fp_circle (center 0 -6.48) (end 1.8 -6.48) (layer B.SilkS) (width 0.12))
    (fp_line (start -0.35 -1.98) (end -4.5 -1.98) (layer B.SilkS) (width 0.12))
    (fp_line (start 4.5 -1.98) (end 0.35 -1.98) (layer B.SilkS) (width 0.12))
    (fp_line (start -0.5 -12.48) (end -4.5 -12.48) (layer B.SilkS) (width 0.12))
    (fp_line (start 4.5 -12.48) (end 0.5 -12.48) (layer B.SilkS) (width 0.12))
    (fp_line (start -1.41 -6.02) (end -0.46 -5.07) (layer Dwgs.User) (width 0.12))
    (fp_line (start -1.42 -6.875) (end 0.4 -5.06) (layer Dwgs.User) (width 0.12))
    (fp_line (start -1.07 -7.49) (end 1.01 -5.41) (layer Dwgs.User) (width 0.12))
    (fp_line (start -0.58 -7.83) (end 1.36 -5.89) (layer Dwgs.User) (width 0.12))
    (fp_line (start 0.09 -7.96) (end 1.48 -6.57) (layer Dwgs.User) (width 0.12))
    (fp_circle (center 0 -6.48) (end 1.5 -6.48) (layer Dwgs.User) (width 0.12))
    (fp_line (start 4.5 -1.98) (end 4.5 -12.48) (layer B.SilkS) (width 0.12))
    (fp_line (start -4.5 -1.98) (end -4.5 -12.48) (layer B.SilkS) (width 0.12))
    (fp_text user %R (at 0 -8 90) (layer B.Fab)
      (effects (font (size 1 1) (thickness 0.15)) (justify mirror))
    )
    (fp_line (start -4.5 -12.48) (end -4.5 -2.08) (layer B.Fab) (width 0.1))
    (fp_line (start -5 -12.98) (end -5 1.42) (layer B.CrtYd) (width 0.05))
    (fp_text user KEEPOUT (at 0 -6.48 270) (layer Cmts.User)
      (effects (font (size 0.4 0.4) (thickness 0.051)))
    )
    (pad T thru_hole circle (at 0 -11.4 90) (size 2.13 2.13) (drill 1.43) (layers *.Cu *.Mask)
      (net 14 /A3Out))
    (pad S thru_hole rect (at 0 0 90) (size 1.93 1.83) (drill 1.22) (layers *.Cu *.Mask)
      (net 2 GND))
    (pad TN thru_hole circle (at 0 -3.1 90) (size 2.13 2.13) (drill 1.42) (layers *.Cu *.Mask)
      (net 2 GND))
    (model ${KISYS3DMOD}/Connector_Audio.3dshapes/Jack_3.5mm_QingPu_WQP-PJ398SM_Vertical.wrl
      (at (xyz 0 0 0))
      (scale (xyz 1 1 1))
      (rotate (xyz 0 0 0))
    )
  )

  (module Connector_Audio:Jack_3.5mm_QingPu_WQP-PJ398SM_Vertical_CircularHoles (layer B.Cu) (tedit 5C2B6BB2) (tstamp 5F2E62B7)
    (at 154.51328 26.28392 270)
    (descr "TRS 3.5mm, vertical, Thonkiconn, PCB mount, (http://www.qingpu-electronics.com/en/products/WQP-PJ398SM-362.html)")
    (tags "WQP-PJ398SM WQP-PJ301M-12 TRS 3.5mm mono vertical jack thonkiconn qingpu")
    (path /5F3558AC)
    (fp_text reference J6 (at -3.29184 -6.56336 180) (layer B.SilkS)
      (effects (font (size 1 1) (thickness 0.15)) (justify mirror))
    )
    (fp_text value A4Out (at 3.52552 -6.51764 180) (layer B.SilkS)
      (effects (font (size 1 1) (thickness 0.15)) (justify mirror))
    )
    (fp_text user KEEPOUT (at 0 -6.48 270) (layer Cmts.User)
      (effects (font (size 0.4 0.4) (thickness 0.051)))
    )
    (fp_line (start -5 -12.98) (end -5 1.42) (layer B.CrtYd) (width 0.05))
    (fp_line (start -4.5 -12.48) (end -4.5 -2.08) (layer B.Fab) (width 0.1))
    (fp_text user %R (at 0 -8 90) (layer B.Fab)
      (effects (font (size 1 1) (thickness 0.15)) (justify mirror))
    )
    (fp_line (start -4.5 -1.98) (end -4.5 -12.48) (layer B.SilkS) (width 0.12))
    (fp_line (start 4.5 -1.98) (end 4.5 -12.48) (layer B.SilkS) (width 0.12))
    (fp_circle (center 0 -6.48) (end 1.5 -6.48) (layer Dwgs.User) (width 0.12))
    (fp_line (start 0.09 -7.96) (end 1.48 -6.57) (layer Dwgs.User) (width 0.12))
    (fp_line (start -0.58 -7.83) (end 1.36 -5.89) (layer Dwgs.User) (width 0.12))
    (fp_line (start -1.07 -7.49) (end 1.01 -5.41) (layer Dwgs.User) (width 0.12))
    (fp_line (start -1.42 -6.875) (end 0.4 -5.06) (layer Dwgs.User) (width 0.12))
    (fp_line (start -1.41 -6.02) (end -0.46 -5.07) (layer Dwgs.User) (width 0.12))
    (fp_line (start 4.5 -12.48) (end 0.5 -12.48) (layer B.SilkS) (width 0.12))
    (fp_line (start -0.5 -12.48) (end -4.5 -12.48) (layer B.SilkS) (width 0.12))
    (fp_line (start 4.5 -1.98) (end 0.35 -1.98) (layer B.SilkS) (width 0.12))
    (fp_line (start -0.35 -1.98) (end -4.5 -1.98) (layer B.SilkS) (width 0.12))
    (fp_circle (center 0 -6.48) (end 1.8 -6.48) (layer B.SilkS) (width 0.12))
    (fp_line (start -1.06 1) (end -1.06 0.2) (layer B.SilkS) (width 0.12))
    (fp_line (start -1.06 1) (end -0.2 1) (layer B.SilkS) (width 0.12))
    (fp_line (start 4.5 -12.48) (end 4.5 -2.08) (layer B.Fab) (width 0.1))
    (fp_line (start 4.5 -12.48) (end -4.5 -12.48) (layer B.Fab) (width 0.1))
    (fp_line (start 5 -12.98) (end 5 1.42) (layer B.CrtYd) (width 0.05))
    (fp_line (start 5 -12.98) (end -5 -12.98) (layer B.CrtYd) (width 0.05))
    (fp_line (start 5 1.42) (end -5 1.42) (layer B.CrtYd) (width 0.05))
    (fp_line (start 4.5 -2.03) (end -4.5 -2.03) (layer B.Fab) (width 0.1))
    (fp_circle (center 0 -6.48) (end 1.8 -6.48) (layer B.Fab) (width 0.1))
    (fp_line (start 0 0) (end 0 -2.03) (layer B.Fab) (width 0.1))
    (pad TN thru_hole circle (at 0 -3.1 90) (size 2.13 2.13) (drill 1.42) (layers *.Cu *.Mask)
      (net 2 GND))
    (pad S thru_hole rect (at 0 0 90) (size 1.93 1.83) (drill 1.22) (layers *.Cu *.Mask)
      (net 2 GND))
    (pad T thru_hole circle (at 0 -11.4 90) (size 2.13 2.13) (drill 1.43) (layers *.Cu *.Mask)
      (net 15 /A4Out))
    (model ${KISYS3DMOD}/Connector_Audio.3dshapes/Jack_3.5mm_QingPu_WQP-PJ398SM_Vertical.wrl
      (at (xyz 0 0 0))
      (scale (xyz 1 1 1))
      (rotate (xyz 0 0 0))
    )
  )

  (module Connector_Audio:Jack_3.5mm_QingPu_WQP-PJ398SM_Vertical_CircularHoles (layer B.Cu) (tedit 5C2B6BB2) (tstamp 5F49C905)
    (at 154.49296 99.45624 270)
    (descr "TRS 3.5mm, vertical, Thonkiconn, PCB mount, (http://www.qingpu-electronics.com/en/products/WQP-PJ398SM-362.html)")
    (tags "WQP-PJ398SM WQP-PJ301M-12 TRS 3.5mm mono vertical jack thonkiconn qingpu")
    (path /5F31FF1E)
    (fp_text reference J8 (at -3.63728 -6.70052 180) (layer B.SilkS)
      (effects (font (size 1 1) (thickness 0.15)) (justify mirror))
    )
    (fp_text value B1Out (at 3.4036 -6.62432 180) (layer B.SilkS)
      (effects (font (size 1 1) (thickness 0.15)) (justify mirror))
    )
    (fp_line (start 0 0) (end 0 -2.03) (layer B.Fab) (width 0.1))
    (fp_circle (center 0 -6.48) (end 1.8 -6.48) (layer B.Fab) (width 0.1))
    (fp_line (start 4.5 -2.03) (end -4.5 -2.03) (layer B.Fab) (width 0.1))
    (fp_line (start 5 1.42) (end -5 1.42) (layer B.CrtYd) (width 0.05))
    (fp_line (start 5 -12.98) (end -5 -12.98) (layer B.CrtYd) (width 0.05))
    (fp_line (start 5 -12.98) (end 5 1.42) (layer B.CrtYd) (width 0.05))
    (fp_line (start 4.5 -12.48) (end -4.5 -12.48) (layer B.Fab) (width 0.1))
    (fp_line (start 4.5 -12.48) (end 4.5 -2.08) (layer B.Fab) (width 0.1))
    (fp_line (start -1.06 1) (end -0.2 1) (layer B.SilkS) (width 0.12))
    (fp_line (start -1.06 1) (end -1.06 0.2) (layer B.SilkS) (width 0.12))
    (fp_circle (center 0 -6.48) (end 1.8 -6.48) (layer B.SilkS) (width 0.12))
    (fp_line (start -0.35 -1.98) (end -4.5 -1.98) (layer B.SilkS) (width 0.12))
    (fp_line (start 4.5 -1.98) (end 0.35 -1.98) (layer B.SilkS) (width 0.12))
    (fp_line (start -0.5 -12.48) (end -4.5 -12.48) (layer B.SilkS) (width 0.12))
    (fp_line (start 4.5 -12.48) (end 0.5 -12.48) (layer B.SilkS) (width 0.12))
    (fp_line (start -1.41 -6.02) (end -0.46 -5.07) (layer Dwgs.User) (width 0.12))
    (fp_line (start -1.42 -6.875) (end 0.4 -5.06) (layer Dwgs.User) (width 0.12))
    (fp_line (start -1.07 -7.49) (end 1.01 -5.41) (layer Dwgs.User) (width 0.12))
    (fp_line (start -0.58 -7.83) (end 1.36 -5.89) (layer Dwgs.User) (width 0.12))
    (fp_line (start 0.09 -7.96) (end 1.48 -6.57) (layer Dwgs.User) (width 0.12))
    (fp_circle (center 0 -6.48) (end 1.5 -6.48) (layer Dwgs.User) (width 0.12))
    (fp_line (start 4.5 -1.98) (end 4.5 -12.48) (layer B.SilkS) (width 0.12))
    (fp_line (start -4.5 -1.98) (end -4.5 -12.48) (layer B.SilkS) (width 0.12))
    (fp_text user %R (at 3.62712 -3.18516 180) (layer B.Fab)
      (effects (font (size 1 1) (thickness 0.15)) (justify mirror))
    )
    (fp_line (start -4.5 -12.48) (end -4.5 -2.08) (layer B.Fab) (width 0.1))
    (fp_line (start -5 -12.98) (end -5 1.42) (layer B.CrtYd) (width 0.05))
    (fp_text user KEEPOUT (at 0 -6.48 270) (layer Cmts.User)
      (effects (font (size 0.4 0.4) (thickness 0.051)))
    )
    (pad T thru_hole circle (at 0 -11.4 90) (size 2.13 2.13) (drill 1.43) (layers *.Cu *.Mask)
      (net 16 /B1Out))
    (pad S thru_hole rect (at 0 0 90) (size 1.93 1.83) (drill 1.22) (layers *.Cu *.Mask)
      (net 2 GND))
    (pad TN thru_hole circle (at 0 -3.1 90) (size 2.13 2.13) (drill 1.42) (layers *.Cu *.Mask)
      (net 2 GND))
    (model ${KISYS3DMOD}/Connector_Audio.3dshapes/Jack_3.5mm_QingPu_WQP-PJ398SM_Vertical.wrl
      (at (xyz 0 0 0))
      (scale (xyz 1 1 1))
      (rotate (xyz 0 0 0))
    )
  )

  (module Connector_Audio:Jack_3.5mm_QingPu_WQP-PJ398SM_Vertical_CircularHoles (layer B.Cu) (tedit 5C2B6BB2) (tstamp 5F2E069A)
    (at 154.48788 117.62232 270)
    (descr "TRS 3.5mm, vertical, Thonkiconn, PCB mount, (http://www.qingpu-electronics.com/en/products/WQP-PJ398SM-362.html)")
    (tags "WQP-PJ398SM WQP-PJ301M-12 TRS 3.5mm mono vertical jack thonkiconn qingpu")
    (path /5F33750B)
    (fp_text reference J10 (at -3.4798 -6.64464 180) (layer B.SilkS)
      (effects (font (size 1 1) (thickness 0.15)) (justify mirror))
    )
    (fp_text value B3Out (at 3.33248 -6.36016 180) (layer B.SilkS)
